65 57|59 28|69 84|7 15|62 49|32 64|75 63|79 97|53 60|33 33|22 26|28 87|89 21|45 70|
50 58|20 38|14 89|49 77|50 88|27 9|16 25|28 1|70 38|21 67|7 15|31 22|98 45|10 20|
51 24|89 38|89 84|36 62|2 13|26 69|98 12|65 59|98 92|43 58|58 40|20 27|35 28|6 15|
65 3|82 41|75 93|45 66|65 10|72 64|38 16|15 84|69 72|21 4|92 37|14 85|42 30|32 13|
18 64|28 6|32 9|71 75|71 39|67 53|85 25|67 69|48 47|57 27|2 99|20 57|54 8|45 39|
49 33|24 47|29 10|64 55|80 71|58 39|69 15|52 36|90 15|61 54|20 30|6 25|0 85|1 84|
25 52|17 27|96 66|34 70|43 85|8 22|42 94|31 91|37 87|60 62|3 11|37 72|50 54|20 99|
11 25|49 50|75 60|92 36|28 85|77 41|43 31|83 42|52 53|22 53|79 72|5 17|17 93|9 99|
43 91|28 64|68 62|24 72|83 4|67 63|1 81|43 23|70 32|97 37|36 13|56 62|71 28|40 98|
68 95|63 85|59 29|1 69|77 85|81 86|40 71|65 13|28 74|41 45|7 68|64 71|38 47|34 43|
63 83|16 18|38 70|7 91|91 86|46 65|14 16|88 85|29 89|94 88|81 31|37 33|54 37|29 66|
30 69|80 6|12 91|94 80|64 25|44 67|37 35|70 72|54 57|71 21|47 63|71 73|14 89|0 0|
43 84|61 64|74 86|36 64|42 93|46 77|29 36|49 81|95 17|5 53|48 72|82 96|19 14|36 65|
56 27|44 57|0 0|56 28|62 3|58 47|20 14|40 97|23 20|38 91|95 41|15 34|0 59|16 34|
49 28|0 12|31 9|2 70|73 90|37 23|12 18|70 19|94 17|84 98|27 15|71 89|20 23|0 70|
6 89|62 65|27 58|67 52|49 41|65 69|73 86|46 28|66 75|6 22|28 76|78 94|86 59|0 12|
84 77|64 93|64 76|0 33|74 59|10 36|37 25|77 5|71 46|28 40|62 65|25 40|91 86|60 70|
57 22|5 14|13 25|22 42|49 32|56 83|51 75|54 0|8 18|83 64|45 91|73 57|54 47|48 28|
82 99|45 21|57 82|9 18|1 93|62 66|68 88|22 27|4 13|54 67|71 67|98 7|25 65|4 92|
89 69|22 35|82 70|34 39|89 17|37 84|56 75|41 38|7 98|53 74|68 27|27 79|32 96|34 78|
45 60|12 87|23 52|3 0|76 72|14 33|0 40|19 85|87 89|7 43|10 44|93 60|5 94|75 73|
64 45|91 26|81 71|48 60|51 27|50 53|24 69|28 19|5 86|92 24|13 12|99 22|98 93|12 81|
40 82|39 94|25 48|6 97|79 64|26 86|91 0|71 24|88 69|42 81|49 82|64 31|19 39|2 99|
61 40|73 26|59 41|34 47|4 68|86 43|28 37|65 52|59 56|5 10|23 56|72 95|57 61|32 55|
1 44|18 5|67 34|78 54|23 20|87 61|9 88|96 2|78 19|10 47|23 24|12 48|25 30|0 44|
25 24|92 81|50 23|49 60|15 51|90 8|0 28|36 25|10 11|54 64|52 62|19 93|19 88|12 46|
27 37|42 32|19 79|32 42|45 35|44 18|87 40|9 20|44 24|88 37|90 98|98 22|87 42|10 98|
80 19|20 98|53 89|3 12|17 57|54 70|21 72|6 18|51 78|60 68|49 81|71 97|62 63|38 98|
89 96|13 84|60 66|76 27|9 28|83 54|80 80|37 72|25 39|48 59|91 61|84 16|70 30|62 64|
22 76|84 88|14 71|39 55|21 74|60 28|76 70|77 36|23 82|16 89|83 26|73 3|76 82|7 99|
59 16|2 8|24 50|66 10|94 72|20 19|68 62|21 24|59 39|43 33|74 63|32 59|15 98|8 46|
27 28|40 52|34 56|29 37|6 16|33 42|76 68|94 63|34 93|78 66|88 91|37 71|90 94|0 0|
0 29|24 43|38 59|78 46|61 62|18 34|74 69|94 96|82 72|8 81|17 75|48 72|98 37|85 87|
35 80|12 73|85 23|36 41|27 87|0 0|20 33|23 45|97 15|63 78|98 95|52 73|95 16|0 70|
0 46|55 99|59 64|17 24|46 58|64 24|65 71|90 97|58 32|48 44|55 92|38 59|24 10|11 32|
27 84|41 83|66 53|55 53|2 90|74 94|9 14|81 22|90 71|34 83|81 70|52 60|70 43|27 52|
47 64|42 38|46 99|10 32|42 72|53 34|92 45|51 83|19 79|57 69|85 1|0 86|97 46|45 64|
73 26|38 42|30 26|97 52|60 91|42 73|65 30|18 94|69 47|19 13|79 15|21 91|59 89|65 31|
68 76|16 4|33 30|57 55|1 47|23 51|38 61|97 37|9 47|51 42|8 71|52 41|82 42|32 40|
17 68|67 42|84 99|45 54|80 90|64 57|82 51|19 21|38 62|42 43|86 53|75 6|63 36|75 53|
66 68|80 62|17 55|25 62|72 58|28 67|66 65|4 70|3 46|53 36|54 7|87 63|95 79|81 72|
38 40|98 51|71 42|45 83|73 44|73 94|11 83|83 51|95 5|66 87|10 22|52 42|48 74|0 86|
23 11|62 37|81 69|21 60|21 15|78 67|48 32|0 12|48 33|16 89|23 46|13 16|94 3|2 13|
39 56|42 69|32 47|41 66|13 33|96 24|62 25|16 47|68 26|11 74|17 54|30 5|38 17|0 5|
93 9|48 27|88 79|34 83|2 11|1 34|20 43|46 77|33 89|25 41|23 23|24 41|61 72|0 34|
48 66|24 94|1 14|82 36|76 64|85 85|98 3|48 60|87 90|96 97|18 26|67 19|63 14|52 0|
79 62|44 98|22 60|29 1|88 26|92 13|48 86|40 65|5 78|32 14|41 75|19 65|94 84|30 6|
10 55|9 34|16 51|31 48|39 41|22 43|3 59|42 36|17 41|25 78|92 8|24 99|53 44|39 40|
36 6|16 95|55 40|19 91|43 35|69 37|77 22|42 24|47 76|45 43|77 81|41 76|97 7|42 35|
72 67|39 71|14 85|22 26|37 41|81 95|62 78|9 97|28 50|5 5|12 24|40 74|89 56|27 50|
35 21|65 15|38 43|99 62|12 1|77 36|11 88|3 29|39 42|92 0|69 25|19 12|34 25|13 32|
91 95|16 51|63 71|14 66|68 8|2 97|58 15|28 28|36 2|6 94|15 51|0 40|17 64|3 96|
30 79|35 67|94 13|16 13|92 15|48 78|23 20|72 38|27 88|37 42|44 23|60 92|43 44|28 62|
80 35|52 12|33 85|58 54|97 9|95 95|99 6|51 71|49 4|89 92|53 52|72 86|52 81|38 66|
32 44|71 56|38 54|68 7|83 70|55 44|89 75|43 10|23 12|54 91|1 25|77 3|64 52|3 26|
87 27|63 80|64 85|50 65|83 88|93 98|79 53|34 82|19 97|83 39|15 46|47 56|31 55|51 73|
14 82|62 16|14 41|29 73|61 27|0 96|95 12|44 36|67 31|64 34|72 83|55 63|40 36|41 37|
27 54|20 43|40 48|51 70|50 75|40 47|26 71|50 71|13 82|2 23|60 12|53 35|68 62|0 95|
31 79|70 41|35 45|32 39|20 95|80 28|76 93|93 51|79 61|55 43|11 15|41 75|66 73|60 51|
14 0|48 51|68 15|31 18|37 31|52 29|7 96|52 27|97 92|91 86|67 0|51 86|22 75|66 8|
66 52|45 83|79 46|48 93|4 8|13 75|4 79|48 8|53 55|47 26|32 69|32 20|17 67|0 5|
76 37|32 0|92 92|21 68|59 53|78 52|76 59|91 12|45 23|37 6|88 73|85 33|97 52|80 51|
79 53|76 10|43 66|87 56|19 80|62 36|48 55|53 45|14 40|2 38|69 49|6 95|56 38|2 99|
45 30|86 28|41 59|96 98|0 88|23 70|97 22|5 34|47 27|49 49|71 44|76 76|50 19|33 32|
23 0|16 61|37 14|75 18|71 74|23 55|98 89|22 56|76 74|53 94|73 30|58 56|51 88|25 3|
53 18|40 48|13 64|78 21|74 21|17 18|83 88|2 2|42 33|39 19|73 65|91 20|46 11|26 55|
34 58|27 18|7 0|66 67|98 14|55 45|26 21|87 96|49 28|31 69|64 65|75 35|8 74|27 14|
3 86|16 70|15 80|2 19|83 58|91 93|50 56|33 44|47 54|73 89|1 75|93 94|55 69|6 74|
89 77|92 21|74 18|71 28|15 15|0 89|49 35|36 18|24 17|95 3|9 80|66 27|67 13|67 15|
1 73|74 59|53 81|80 34|95 13|7 22|86 31|34 33|92 52|99 60|28 48|50 87|18 63|46 70|
35 93|32 21|42 57|21 58|82 20|50 67|96 9|13 10|3 44|0 45|80 98|20 57|51 26|45 65|
35 28|86 58|36 9|59 68|0 18|94 2|72 63|39 12|79 22|50 21|10 98|25 25|72 34|21 85|
71 61|95 39|99 74|5 63|39 50|72 57|31 73|29 88|26 63|82 64|75 53|14 16|31 66|32 30|
61 11|45 76|59 31|93 26|18 33|82 51|37 83|24 99|6 21|96 88|35 55|81 56|64 40|38 54|
84 32|91 25|20 1|28 69|53 45|35 23|80 60|6 96|74 56|19 0|71 47|30 75|23 73|22 13|
16 70|81 67|27 55|38 33|84 82|93 6|7 79|57 60|26 31|65 58|81 18|50 47|69 28|63 37|
87 44|48 50|2 92|33 87|24 22|97 58|31 31|27 77|90 17|52 67|33 80|80 25|38 48|48 48|
4 79|32 45|78 8|50 40|12 27|77 88|55 21|25 22|46 40|30 51|37 2|65 16|32 14|0 29|
98 46|78 57|97 76|71 33|4 93|49 46|69 36|40 22|88 47|1 3|40 58|55 18|63 12|57 17|
50 76|35 26|28 9|36 36|51 99|91 17|53 60|29 68|10 71|71 61|73 81|79 95|53 63|51 79|
62 22|24 83|55 42|3 1|78 0|43 44|1 98|51 99|10 92|32 31|57 58|55 31|99 40|25 83|
61 56|29 69|87 46|12 54|28 58|52 32|44 43|70 58|57 78|19 72|6 92|69 2|59 66|17 55|
44 53|55 19|78 81|46 22|37 59|51 63|17 12|68 73|51 62|34 65|24 71|15 10|11 5|42 55|
30 52|59 65|99 46|5 59|75 37|65 44|77 48|91 24|56 43|54 61|71 50|62 91|0 30|65 43|
86 33|67 67|45 85|2 23|86 93|39 96|46 58|82 36|66 64|81 81|99 18|79 61|42 35|47 42|
43 31|80 29|18 12|42 78|96 25|75 27|65 1|43 83|59 43|37 69|6 80|51 45|34 69|44 47|
23 78|28 76|41 11|47 10|22 21|37 27|72 60|28 22|99 60|26 9|64 4|82 59|1 16|24 22|
12 24|72 67|8 23|89 16|31 56|40 13|73 33|46 2|54 60|18 79|2 97|84 73|84 21|15 23|
2 80|43 9|60 94|40 43|19 99|47 28|64 66|38 47|91 42|85 47|37 82|58 63|54 78|20 97|
79 62|42 41|16 27|17 98|61 11|1 34|34 22|8 9|33 47|14 28|28 20|58 46|44 18|27 39|
19 53|96 85|16 77|3 23|67 59|76 36|85 78|16 40|53 37|40 46|65 37|42 31|66 1|0 83|
67 87|59 54|46 86|66 55|67 22|36 25|77 4|21 70|34 20|78 91|33 49|44 79|22 70|0 71|
0 41|65 17|73 15|23 90|66 47|21 52|22 54|34 17|14 46|85 84|77 13|91 1|78 78|39 46|
72 63|32 73|66 38|82 2|26 38|89 78|9 17|78 9|20 86|73 25|48 78|33 50|66 62|46 76|
57 20|57 35|65 85|77 94|28 48|31 40|14 30|20 44|70 3|48 66|51 77|13 63|21 62|0 13|
31 58|1 96|41 41|8 30|47 72|32 11|26 22|32 6|57 86|74 27|99 29|35 56|31 14|24 19|
50 72|59 75|3 55|35 58|28 36|40 53|45 63|46 93|66 55|72 42|92 2|31 41|87 10|6 1|
19 48|87 74|2 2|5 64|62 40|39 67|83 71|54 46|5 8|76 11|75 69|45 83|18 97|15 53|
75 75|18 42|96 97|59 9|13 11|81 36|78 78|39 19|25 18|62 44|40 19|47 57|44 25|21 15|
80 82|14 27|73 85|68 99|37 88|30 99|43 31|65 92|54 51|90 88|2 4|33 7|27 57|17 29|
71 60|33 88|29 79|73 43|88 21|36 82|34 27|80 31|33 46|28 15|20 82|40 77|97 57|0 89|
42 91|84 33|74 1|31 76|44 18|67 50|51 43|42 54|26 81|5 15|22 25|55 14|13 99|38 58|
18 48|21 98|93 35|90 93|4 38|87 89|88 36|75 65|46 49|78 36|29 83|37 16|80 84|7 40|
78 81|8 76|90 86|40 64|39 43|48 73|79 82|99 90|53 52|33 12|55 52|1 2|39 64|29 30|
67 50|26 51|24 57|95 6|58 50|16 79|19 30|82 13|17 37|70 30|90 10|70 85|18 2|0 44|
93 35|60 31|60 47|6 5|56 86|24 31|40 86|73 1|67 35|11 11|0 91|68 99|57 37|49 85|
2 68|69 14|93 46|8 65|17 7|66 4|71 20|36 61|10 2|27 16|74 86|46 33|80 35|8 0|
94 27|87 65|39 57|19 33|72 27|64 58|34 67|17 89|31 6|23 25|2 30|67 46|78 61|5 31|
39 29|27 65|36 19|88 3|83 68|57 35|56 32|69 34|17 86|96 70|26 55|33 13|30 55|24 56|
39 84|37 57|80 87|40 74|90 97|81 47|18 3|23 19|33 61|16 32|84 5|9 32|39 88|0 24|
24 19|58 74|82 33|71 48|2 1|28 75|38 34|1 98|26 29|85 76|64 32|94 22|91 82|35 31|
68 32|1 64|51 16|88 27|60 15|62 28|70 13|77 77|52 56|16 6|59 28|38 45|94 8|19 53|
63 83|82 80|35 89|90 6|62 89|42 85|73 80|5 49|20 57|64 76|40 72|78 39|75 54|65 72|
21 51|3 2|0 58|60 0|62 9|74 73|82 40|73 49|28 33|78 78|22 31|19 19|96 50|17 18|
24 62|81 80|49 88|27 50|22 21|31 95|76 28|7 59|96 99|98 15|29 37|84 90|22 61|21 99|
35 45|63 88|47 0|43 20|33 68|45 37|94 55|37 66|65 76|28 44|31 70|8 4|68 64|5 0|
21 24|95 11|59 74|70 67|18 0|77 38|3 41|1 41|63 71|67 38|46 97|68 37|96 57|6 42|
64 45|60 54|11 11|51 7|5 7|18 94|96 94|99 41|73 28|28 75|67 0|46 8|40 47|38 48|
54 10|33 60|55 1|48 60|55 29|29 61|27 6|19 79|38 30|53 92|39 17|70 46|65 46|32 11|
72 7|66 16|56 27|77 15|26 67|9 89|76 86|54 21|4 15|79 99|89 3|57 66|27 25|65 16|
68 54|53 15|66 23|98 5|19 60|89 95|38 79|29 60|58 21|70 55|79 75|42 96|79 19|28 59|
87 54|40 5|78 77|82 61|0 84|55 24|93 88|77 45|98 96|30 64|81 63|78 60|81 16|2 83|
58 97|79 86|75 58|85 19|40 86|22 10|77 26|43 51|20 95|33 85|59 99|96 1|98 97|11 0|
60 81|65 30|57 99|63 39|3 8|30 66|89 29|12 80|93 13|47 61|89 23|92 33|15 30|0 3|
2 98|5 93|24 51|36 27|84 42|7 39|68 56|72 39|97 42|24 6|99 88|73 71|18 41|10 41|
26 86|57 32|81 63|33 60|13 41|88 83|49 42|34 82|92 0|66 15|82 69|86 81|18 44|1 99|
3 46|12 97|94 95|81 85|87 19|67 25|23 83|74 27|22 47|30 56|56 20|61 59|22 0|16 88|
31 69|59 96|59 98|89 78|27 37|99 3|60 92|79 56|20 23|7 95|15 19|22 65|9 5|13 14|
87 88|33 81|91 90|45 35|13 47|23 14|91 49|31 47|70 72|67 53|51 76|71 72|24 15|0 42|
20 47|87 6|87 2|98 32|78 55|4 35|95 69|6 99|57 45|19 42|84 63|20 58|89 14|49 40|
10 65|64 42|0 71|18 58|60 65|43 66|37 67|18 2|23 46|19 74|79 30|50 51|95 76|43 56|
78 54|73 79|44 45|19 69|89 54|12 8|82 85|45 44|20 83|64 77|32 78|30 34|29 28|29 38|
14 19|69 19|50 75|54 66|40 97|74 7|85 86|99 12|77 43|77 74|44 47|75 49|63 27|42 92|
44 42|23 80|77 23|2 64|90 80|73 27|68 72|14 64|45 37|60 42|15 95|48 7|26 70|34 31|
79 33|96 53|92 68|19 90|99 94|9 10|99 50|93 62|80 37|69 54|18 62|86 25|19 71|0 4|
20 22|76 49|75 36|48 40|28 19|2 23|44 97|78 22|90 21|49 87|7 24|85 81|19 8|30 43|
76 41|90 31|92 14|32 82|98 91|15 40|99 7|8 99|71 45|70 24|95 71|6 26|69 59|0 23|
70 35|38 32|97 25|18 9|89 67|28 75|35 69|48 18|95 73|38 28|46 29|90 38|10 92|23 25|
39 30|24 47|94 98|56 37|70 26|28 23|29 65|12 85|11 2|84 91|65 75|2 68|33 62|18 53|
64 5|92 94|50 62|83 76|1 83|60 54|25 61|62 12|11 7|16 75|86 72|47 23|33 18|46 66|
72 86|90 17|21 41|43 69|69 38|71 85|63 41|16 10|72 28|45 52|17 52|0 74|79 24|1 0|
86 10|7 38|27 81|90 93|34 58|76 85|68 40|10 56|60 77|27 70|38 49|29 51|64 80|11 98|
21 77|66 81|8 99|96 74|95 26|68 47|35 97|18 17|46 74|29 30|24 67|88 33|60 84|47 73|
73 37|80 74|30 66|0 63|74 69|89 31|9 94|59 74|66 43|27 29|35 67|16 13|54 40|39 81|
22 45|74 12|75 76|23 31|55 29|91 94|50 43|2 94|11 11|73 74|38 19|34 27|11 78|8 0|
2 87|65 23|6 86|6 21|55 48|92 2|95 84|20 52|59 33|20 37|85 74|67 41|85 38|0 88|
71 83|64 59|10 93|26 38|29 40|43 33|86 89|22 70|8 31|86 15|78 25|49 1|91 93|48 0|
53 64|70 60|9 44|39 67|38 68|43 68|94 7|55 76|50 60|73 17|30 72|69 84|77 97|0 39|
61 7|36 61|19 73|45 32|85 8|74 17|88 93|32 20|38 39|12 2|23 68|60 55|10 0|35 19|
34 39|18 82|37 89|80 88|40 75|12 97|22 6|30 79|73 27|88 10|39 40|96 92|6 99|21 77|
29 80|41 71|26 96|91 99|50 86|7 0|68 86|24 25|87 58|62 49|6 77|66 80|40 70|55 45|
57 64|44 97|45 94|92 31|63 57|46 84|62 29|48 42|2 40|85 17|22 59|15 49|34 52|49 35|
29 5|85 70|67 17|40 10|78 17|84 11|67 60|98 28|38 68|81 22|43 12|2 83|0 84|62 15|
24 64|6 15|2 84|32 30|18 22|93 37|50 74|43 21|56 10|37 98|32 64|19 71|15 73|39 84|
53 72|71 98|30 34|52 39|1 91|39 69|81 31|24 82|2 24|82 38|92 24|97 54|4 89|49 77|
31 29|43 32|32 39|35 41|90 69|31 70|34 70|55 2|63 78|55 51|12 8|18 92|14 99|20 19|
54 7|5 74|61 32|71 37|61 47|99 18|90 46|25 71|2 76|55 79|92 85|72 49|0 77|10 73|
46 46|93 8|74 47|24 0|26 20|73 21|25 93|23 62|27 34|99 59|67 34|33 57|22 98|26 42|
76 13|32 37|13 97|62 17|43 42|64 25|21 38|4 20|57 74|68 24|73 97|44 76|0 18|5 20|
39 73|23 32|90 85|74 17|77 80|47 85|44 70|39 65|8 74|80 7|70 73|2 7|0 93|14 58|
30 59|30 95|18 34|27 81|11 70|0 0|34 54|92 41|18 46|72 50|25 79|11 18|3 98|12 19|
93 75|64 26|50 58|47 22|24 65|58 27|35 25|17 77|4 26|88 17|56 0|89 71|19 75|40 24|
48 73|95 53|76 19|33 55|72 59|80 20|72 37|8 53|30 0|89 14|74 37|35 93|0 54|31 1|
60 43|79 12|63 19|54 68|97 86|49 52|57 62|90 1|43 55|79 28|46 98|4 40|10 38|40 58|
64 65|99 29|95 81|46 16|40 50|45 5|55 38|65 47|45 74|86 32|15 59|13 90|0 52|39 50|
28 75|57 31|66 22|39 73|39 25|29 12|27 76|42 37|64 44|93 78|94 24|23 4|29 13|55 36|
62 57|51 72|46 80|40 11|74 23|81 22|93 13|33 0|64 63|45 46|91 95|86 85|36 1|46 50|
0 90|58 31|64 33|9 26|71 10|20 62|16 27|14 75|64 10|52 28|78 54|62 48|0 0|56 35|
95 7|16 82|43 19|32 34|18 5|86 12|40 28|24 9|46 14|23 18|13 92|21 52|15 58|18 44|
24 10|71 70|1 76|37 47|78 18|46 38|37 13|82 78|57 43|14 42|35 28|97 2|0 0|0 77|
79 40|94 47|32 73|82 33|19 94|54 98|1 61|25 63|31 87|90 49|50 84|49 91|11 99|28 62|
49 46|72 4|60 22|71 86|67 68|54 36|16 92|18 35|8 27|56 61|19 36|34 85|11 99|51 65|
12 21|20 37|4 17|95 56|72 23|15 79|69 5|84 43|74 93|28 64|86 46|79 50|5 18|60 77|
71 77|8 86|39 69|1 3|77 68|37 55|62 4|59 27|32 30|90 51|60 97|97 55|4 7|23 73|
4 87|38 38|96 96|66 14|58 77|90 15|15 46|78 79|61 32|7 0|14 5|18 77|8 1|14 46|
70 15|44 51|50 27|29 26|6 3|52 40|74 83|3 64|67 40|65 39|62 21|21 13|0 65|25 57|
22 31|60 25|12 0|64 39|41 41|92 68|29 81|77 64|53 33|81 3|71 63|39 68|0 20|43 25|
81 80|73 20|31 15|70 53|52 67|60 49|35 20|95 91|47 93|60 53|39 85|70 43|36 23|37 30|
11 92|33 77|55 73|66 76|31 73|89 24|97 13|16 9|27 13|98 82|51 19|36 93|19 92|28 72|
72 71|15 74|19 23|76 8|46 48|59 49|86 87|62 32|10 9|83 97|40 79|15 15|12 12|21 74|
60 99|71 57|20 40|96 47|57 45|47 71|55 86|48 21|4 82|52 18|66 2|29 4|0 84|5 81|
22 60|73 92|79 87|29 63|3 67|79 2|81 86|53 32|43 34|26 9|97 84|55 66|13 69|31 18|
96 78|5 29|34 90|81 72|79 21|72 23|39 83|76 22|47 57|25 48|38 84|35 29|15 44|18 47|
45 60|92 93|47 42|71 71|85 85|32 91|73 57|43 66|86 4|93 0|71 53|1 2|5 7|51 7|
42 73|90 4|52 48|65 34|74 63|81 79|81 13|18 19|73 15|9 13|52 23|48 69|5 99|25 30|
0 45|61 45|93 4|97 68|14 23|52 53|62 74|12 19|71 43|3 4|8 44|50 85|35 99|58 49|
46 46|70 40|48 24|63 36|48 9|94 51|63 96|16 0|24 16|14 32|55 81|18 32|15 31|22 22|
36 51|31 38|10 4|30 53|42 56|2 91|57 20|92 94|63 36|41 79|18 18|39 69|0 93|11 83|
88 20|40 65|75 83|96 13|40 26|26 10|36 98|64 48|73 81|57 69|30 7|20 13|1 0|29 8|
41 64|89 1|47 17|89 19|26 69|37 91|52 26|37 4|35 61|64 41|64 25|59 27|0 93|58 30|
32 24|92 58|59 35|14 11|49 20|42 60|82 2|50 25|52 73|5 60|23 53|0 2|0 62|1 3|
90 0|5 94|32 63|12 24|55 57|73 77|10 5|28 53|50 49|34 44|55 11|6 61|1 99|6 0|
80 15|70 48|60 0|25 65|3 88|0 18|32 17|98 1|48 14|94 50|62 22|34 60|14 78|41 16|
81 59|87 64|61 26|72 57|24 9|11 53|24 42|58 31|27 32|50 98|19 55|57 68|0 51|52 33|
98 87|64 50|54 75|79 72|38 98|22 9|85 29|76 3|52 52|44 86|66 51|3 1|1 0|18 8|
44 91|81 25|92 85|67 5|27 43|99 13|91 33|69 11|19 36|92 27|53 68|94 89|0 20|41 81|
74 40|35 83|2 92|54 30|77 75|75 43|72 30|84 42|95 21|99 17|88 86|1 2|6 89|36 81|
86 5|59 66|34 56|47 73|55 67|30 65|28 65|63 37|11 17|32 86|95 79|51 45|0 0|45 70|
60 52|76 58|1 96|65 89|92 62|58 51|48 52|26 84|4 36|96 23|14 44|96 95|0 33|3 95|
62 94|34 41|2 88|31 15|4 7|78 39|93 18|99 14|57 50|56 49|69 99|38 84|0 3|0 89|
10 72|81 95|78 82|60 68|58 69|94 70|70 15|75 64|87 74|18 67|9 62|55 42|0 58|5 60|
41 16|95 15|87 13|92 57|81 14|36 12|39 17|29 17|23 10|97 99|73 29|80 20|77 22|96 12|
40 47|58 36|23 34|7 16|73 73|66 19|8 38|56 37|96 97|47 23|86 36|13 18|0 10|0 39|
31 27|27 66|52 94|94 77|13 76|52 71|86 3|87 66|79 52|13 8|99 84|85 49|26 67|53 72|
84 97|7 76|18 75|42 75|92 41|80 66|21 69|85 44|26 50|0 79|17 44|3 21|15 82|26 79|
48 25|96 27|27 93|17 18|50 62|8 1|67 66|75 81|35 75|22 64|85 89|4 61|11 12|16 62|
3 9|31 16|12 72|49 59|46 10|6 16|28 77|30 56|97 99|41 13|75 73|44 48|0 3|0 69|
1 93|33 52|80 80|9 7|99 87|5 60|88 14|38 77|46 44|59 26|42 32|72 78|3 0|7 37|
67 61|40 17|63 53|15 64|26 51|43 23|43 50|20 29|64 51|69 49|92 40|2 30|0 30|7 32|
91 55|26 27|27 40|96 39|46 47|3 93|91 52|97 58|94 44|23 19|31 99|35 77|7 93|12 94|
74 26|8 3|76 21|6 34|19 42|76 60|72 32|66 79|18 10|85 98|26 26|42 34|0 35|4 0|
43 42|56 52|98 52|90 27|98 17|85 58|34 44|67 70|56 53|50 95|41 65|80 61|42 54|87 31|
63 53|81 34|55 56|52 81|84 61|53 80|77 30|65 53|28 16|43 25|70 12|97 18|36 98|56 78|
53 54|97 74|86 13|74 67|81 26|49 70|71 57|55 56|85 49|38 65|13 55|12 97|0 50|26 80|
10 98|24 57|54 55|24 36|10 7|20 59|74 99|32 45|68 95|17 60|98 14|60 46|9 99|21 59|
22 16|80 29|13 96|99 61|99 12|13 74|9 21|73 50|86 20|51 41|3 11|28 23|0 7|20 69|
25 23|69 19|77 14|14 40|2 0|21 47|73 16|52 45|29 81|6 10|20 87|21 14|3 2|12 39|
20 68|1 32|26 52|65 85|21 19|58 69|80 96|59 73|76 48|34 46|72 90|13 72|4 34|10 46|
87 2|20 47|19 99|54 31|18 54|3 68|24 91|78 73|56 66|23 63|33 0|37 51|10 75|20 97|
3 87|93 22|18 31|50 89|35 71|49 45|2 8|39 89|17 83|18 45|49 71|97 19|0 88|32 66|
38 88|90 18|34 41|55 7|91 49|49 47|80 25|54 5|52 43|13 60|85 46|54 67|35 40|50 71|
56 11|66 71|6 60|45 67|61 5|57 10|8 8|44 65|0 87|67 73|85 92|20 19|1 83|3 74|
76 40|31 4|90 25|99 16|98 83|54 33|31 24|70 46|61 31|7 30|39 7|54 26|0 30|50 11|
99 32|59 83|13 2|48 46|59 51|35 59|31 20|47 67|0 93|52 16|33 67|64 98|15 5|16 6|
61 43|36 1|44 24|38 58|20 33|64 67|82 55|51 79|91 95|48 72|0 14|98 51|37 3|60 46|
82 54|84 15|92 87|1 21|79 62|32 27|9 66|43 28|77 28|46 49|44 57|96 53|16 59|76 72|
16 83|90 97|43 63|16 33|71 83|83 74|90 12|48 58|82 47|30 63|98 76|39 50|37 49|66 72|
7 15|12 20|32 56|10 74|73 85|81 91|9 41|20 26|8 27|27 15|5 91|23 21|7 27|11 28|
25 2|33 13|97 97|1 94|48 7|85 24|16 71|52 24|87 80|21 62|66 74|60 46|48 30|57 49|
88 63|27 18|15 48|45 84|75 31|61 71|7 3|91 63|46 25|49 75|96 30|52 78|0 45|16 48|
97 53|58 25|77 65|56 70|81 15|63 62|90 56|74 82|43 97|35 21|0 8|57 20|2 9|73 69|
84 74|80 23|68 33|17 40|62 39|95 88|46 79|53 62|26 45|6 86|4 88|90 9|7 84|57 55|
7 85|71 37|71 45|27 30|29 34|77 25|12 16|37 54|65 69|83 88|87 11|80 23|64 48|70 45|
96 85|11 4|26 96|48 31|78 24|67 74|72 83|43 70|39 29|48 49|73 32|33 81|25 98|40 69|
25 58|53 72|7 0|61 28|62 92|41 35|44 58|70 17|4 90|41 29|33 9|12 6|8 3|15 7|
54 69|83 46|47 79|34 32|71 77|39 55|52 50|21 48|9 55|98 27|47 85|79 81|3 0|16 51|
38 28|94 80|78 71|45 58|23 75|13 15|50 82|96 5|81 25|61 65|71 99|32 76|0 0|27 75|
99 84|8 82|21 13|44 3|25 52|63 38|10 10|58 61|88 50|57 52|16 76|41 16|0 2|18 53|
93 2|8 72|69 21|26 87|87 10|44 77|48 67|44 46|47 12|77 89|69 65|72 75|13 72|17 99|
90 15|49 31|87 82|61 58|85 21|32 98|64 79|50 56|2 26|38 89|38 80|46 78|0 24|43 71|
3 9|30 61|37 25|50 66|70 66|62 64|42 53|82 28|86 74|66 27|24 21|54 97|0 54|5 55|
99 94|30 63|37 49|56 4|51 51|83 78|71 47|1 31|49 67|44 45|34 35|4 99|23 40|55 48|
86 85|48 54|33 38|6 72|21 43|18 59|60 3|0 10|4 75|53 20|20 29|48 39|8 21|22 28|
27 20|56 47|61 0|31 81|56 21|47 42|24 18|3 75|43 41|57 88|74 31|55 35|35 82|50 86|
32 74|63 56|2 80|15 71|69 75|40 72|0 93|47 3|28 60|52 63|39 67|43 74|2 91|19 68|
46 20|15 41|18 87|50 48|87 99|33 69|37 33|14 98|13 39|82 55|78 91|86 44|0 36|18 40|
71 26|34 36|60 51|84 99|24 64|98 15|18 1|49 81|73 78|0 96|40 61|69 53|5 92|39 59|
98 0|70 17|42 71|5 97|77 95|14 38|53 35|74 87|11 36|56 33|60 63|78 66|11 58|43 69|
16 86|48 20|86 14|43 58|53 30|98 98|50 30|58 17|60 19|78 66|77 35|59 4|0 0|8 99|
44 64|73 55|80 84|77 79|43 30|7 82|23 14|46 28|73 57|40 65|71 0|53 58|6 0|29 71|
99 71|41 78|60 34|93 7|33 34|65 61|4 42|47 56|38 31|75 4|41 29|36 85|27 98|42 55|
81 18|44 23|78 48|95 30|16 6|6 75|56 23|32 65|99 29|99 68|83 22|94 54|33 64|75 0|
87 12|83 17|28 62|27 38|10 47|62 26|14 85|11 89|91 96|68 41|31 9|16 48|15 74|29 31|
9 3|32 77|69 51|34 87|59 50|30 71|59 39|23 23|8 72|61 36|70 52|95 19|0 73|6 0|
5 96|87 32|83 53|41 28|57 44|56 39|96 76|58 12|39 28|36 53|81 43|96 17|0 3|8 92|
65 37|35 44|32 28|27 75|25 64|53 38|34 41|94 19|58 34|27 26|11 62|21 57|0 68|15 0|
53 21|57 45|23 91|87 12|19 65|33 62|14 28|89 45|10 27|30 79|69 38|27 56|0 10|18 66|
77 0|7 6|76 27|55 59|72 74|53 64|53 39|61 64|77 68|94 77|74 84|44 39|32 99|60 52|
17 86|53 68|11 5|52 88|71 71|92 73|39 83|81 18|36 35|53 41|69 99|3 90|16 87|22 21|
26 15|93 15|83 21|52 57|31 28|37 32|39 54|90 89|54 72|15 57|76 45|20 1|0 59|36 30|
77 51|80 93|51 65|2 78|78 42|71 42|26 67|99 26|75 46|94 43|18 70|77 31|41 73|76 39|
50 56|44 59|88 48|98 98|60 32|54 50|11 32|24 74|82 58|84 76|85 11|83 71|29 43|41 62|
37 83|33 29|31 39|10 65|41 42|31 93|48 43|25 58|94 3|52 62|30 11|65 82|21 57|28 99|
83 70|75 96|93 12|32 23|35 33|38 57|82 73|94 69|17 6|48 33|28 18|61 29|48 32|60 31|
29 40|5 41|91 98|18 48|45 19|46 5|78 85|97 6|86 89|98 5|70 60|26 74|0 99|22 86|
58 22|82 10|31 40|96 95|40 53|86 85|35 30|2 20|48 77|19 11|10 18|2 6|7 19|58 21|
74 15|89 84|34 28|7 94|56 64|18 27|71 22|38 51|0 7|9 81|80 5|66 63|0 26|4 99|
56 57|5 86|86 32|97 2|48 68|86 67|73 59|78 63|85 40|30 47|64 39|4 40|0 89|73 58|
15 72|6 78|92 88|8 32|93 5|51 40|30 31|75 74|83 22|97 24|49 71|65 44|0 25|82 21|
8 55|81 65|18 23|66 46|64 52|69 59|48 58|45 63|91 39|2 74|98 82|10 0|11 2|42 65|
46 94|45 74|85 71|48 37|45 22|98 96|39 45|77 13|28 36|40 8|76 14|73 60|40 46|66 34|
24 48|45 93|15 80|41 59|44 92|28 45|29 34|67 61|89 45|29 0|76 51|44 52|0 93|16 77|
69 75|69 21|52 44|82 29|86 5|72 55|6 18|1 86|44 38|56 43|65 37|91 99|3 85|12 81|
66 52|43 67|91 2|15 95|97 74|1 33|34 16|42 70|37 4|68 22|13 98|59 24|3 32|15 91|
16 75|64 65|23 27|69 15|71 83|63 44|74 12|50 48|57 20|12 81|58 9|61 62|0 92|17 69|
41 62|50 40|72 10|2 75|19 53|68 78|10 34|82 80|29 99|52 35|91 83|14 61|0 25|12 35|
55 71|72 76|16 90|78 65|91 2|84 8|68 93|94 68|1 34|80 67|64 17|37 80|3 35|41 79|
54 9|42 38|74 64|21 42|35 78|99 34|38 70|63 51|9 39|76 29|97 88|56 15|14 39|55 13|
32 64|37 54|84 85|26 11|50 58|4 59|25 62|54 91|36 49|70 82|61 83|57 55|35 53|48 59|
92 99|56 30|9 85|84 93|78 24|41 72|91 11|48 67|72 87|44 4|75 79|73 77|46 66|47 11|
38 36|19 28|42 58|47 46|88 13|64 27|66 5|64 46|76 99|78 74|80 56|6 93|59 33|79 62|
57 74|57 59|60 35|96 89|90 6|42 0|65 35|82 72|1 68|45 10|21 69|47 19|0 68|50 71|
30 43|84 57|13 91|73 14|28 48|61 25|20 3|31 70|50 49|54 54|86 58|71 50|0 42|29 8|
13 50|48 58|17 94|73 57|97 48|49 38|6 49|59 47|0 81|12 61|55 31|63 6|1 80|15 98|
55 86|73 46|93 86|54 80|38 58|72 77|66 66|9 72|54 94|32 17|63 39|95 34|0 71|27 0|
77 46|12 44|48 67|56 41|87 0|82 47|1 19|14 33|43 60|2 61|78 39|46 64|5 60|50 55|
56 53|13 26|52 70|85 27|28 50|79 75|37 50|66 68|30 98|50 34|97 14|65 33|31 92|33 79|
79 9|43 0|3 29|43 7|28 65|69 42|75 52|29 17|47 31|11 80|37 12|66 21|0 90|14 73|
56 42|81 72|90 68|33 88|83 30|55 20|88 90|56 44|79 74|91 19|99 3|96 87|24 99|86 84|
61 59|70 94|22 13|27 99|86 17|27 35|3 46|58 72|24 43|37 62|59 74|30 80|8 46|21 39|
89 88|52 0|76 27|67 28|15 96|47 42|38 28|52 7|59 79|64 79|55 13|9 17|20 29|41 85|
60 68|61 63|45 59|53 53|2 48|68 78|40 55|97 58|70 16|69 20|69 31|57 77|43 57|52 51|
89 18|83 47|78 82|79 53|2 99|41 56|17 83|47 41|87 98|41 18|71 35|85 94|54 40|69 37|
82 34|46 27|21 2|21 46|39 25|88 21|98 13|85 88|45 30|12 45|78 80|38 98|17 43|20 45|
61 38|99 53|40 99|36 68|27 24|23 13|13 44|44 60|16 42|24 17|52 87|10 45|33 62|36 66|
68 55|52 40|97 57|4 35|80 66|35 12|85 63|67 65|46 54|98 94|63 91|60 57|56 55|65 67|
69 28|75 76|17 74|89 96|17 75|40 64|31 44|13 3|35 59|7 50|44 74|12 94|1 48|33 46|
6 58|38 47|65 49|68 70|40 47|39 51|82 10|49 42|5 6|45 30|70 18|31 61|50 43|62 22|
52 10|73 70|69 60|2 71|38 81|90 25|35 45|54 19|67 35|39 76|45 37|97 19|12 99|67 61|
6 31|70 87|45 46|33 70|15 33|18 92|36 50|86 4|16 33|82 95|76 17|57 80|19 32|31 84|
13 19|15 99|15 35|22 93|96 75|37 35|67 82|27 36|37 32|76 5|83 38|60 58|0 4|16 97|
28 78|79 70|93 71|45 55|79 17|53 39|12 88|26 59|78 45|10 26|20 81|53 58|0 19|39 57|
17 94|80 67|74 26|5 36|88 13|32 72|59 57|42 17|31 44|18 3|49 55|52 57|22 58|30 11|
79 21|51 61|24 62|0 18|59 28|32 14|31 2|20 67|96 61|69 31|34 11|47 42|2 19|94 60|
53 93|80 9|59 70|23 34|63 29|23 15|10 33|56 41|79 80|12 0|45 42|31 32|36 59|43 46|
17 10|27 31|23 87|17 99|34 74|56 18|84 8|43 70|36 51|62 27|57 29|52 81|34 48|44 64|
27 77|75 67|90 12|99 5|15 88|48 43|99 72|87 37|2 17|47 71|0 16|91 43|5 18|14 24|
39 31|44 85|38 50|77 39|93 26|3 88|27 80|88 61|47 67|50 76|25 7|7 85|23 1|72 51|
68 81|78 13|61 68|52 31|29 30|3 8|30 66|20 72|61 50|93 98|0 77|76 46|2 76|5 74|
78 96|31 61|49 62|75 21|55 30|83 49|98 51|70 81|0 87|32 24|87 5|24 17|4 86|9 85|
75 63|24 34|31 78|67 52|15 19|22 44|2 79|67 39|34 59|37 64|92 0|96 85|4 0|9 75|
19 20|62 21|72 4|28 56|98 88|71 10|54 56|23 30|68 51|25 74|61 29|48 85|0 0|45 98|
64 68|89 55|95 53|49 52|65 3|78 42|32 55|0 95|31 43|95 85|0 36|24 75|10 39|22 76|
48 45|5 2|76 5|21 99|34 18|13 86|94 82|65 71|65 14|62 27|24 72|23 83|17 81|30 16|
39 98|39 25|73 21|54 15|69 76|61 2|51 88|89 9|96 99|69 32|95 98|2 45|0 44|5 47|
91 90|11 87|77 50|55 34|80 3|56 45|5 17|87 41|75 12|11 56|1 97|12 67|52 73|89 40|
30 32|7 23|26 27|6 50|23 27|60 0|13 21|66 38|49 29|52 3|57 34|14 15|0 0|0 55|
66 77|26 31|73 63|99 89|16 76|48 47|1 91|55 56|3 10|80 78|87 9|53 64|4 89|48 61|
24 69|79 11|20 13|16 91|54 17|58 80|53 17|13 50|43 71|0 46|44 36|19 83|8 53|20 0|
17 44|72 3|3 37|13 99|26 80|57 69|18 95|76 87|37 44|43 62|67 33|94 50|55 23|57 65|
56 22|31 24|85 27|51 97|46 96|3 96|52 20|44 2|37 49|44 65|88 27|23 12|28 24|36 47|
34 26|67 66|47 58|50 54|60 21|63 55|9 29|55 59|79 97|57 69|67 10|53 23|0 87|34 76|
76 61|26 54|38 51|16 79|13 23|70 66|92 54|27 21|92 90|23 66|57 6|60 16|0 9|36 55|
18 50|69 29|9 87|12 8|43 66|84 86|79 81|98 24|66 53|43 76|27 54|17 23|0 93|18 24|
52 59|69 48|48 17|26 15|43 65|94 86|95 87|95 1|43 76|51 45|73 26|52 48|44 68|44 69|
99 77|80 65|3 26|23 37|21 62|56 6|42 49|92 28|56 38|68 29|29 49|5 27|6 27|24 37|
96 24|67 61|33 48|24 98|28 79|20 25|30 49|51 47|0 58|37 73|88 68|60 44|34 42|62 57|
4 52|65 47|79 16|86 86|71 26|33 59|33 53|96 95|35 83|17 96|54 55|68 29|13 99|28 94|
41 84|32 40|2 23|10 32|13 47|36 77|13 98|73 34|17 77|42 86|39 59|30 16|20 49|28 26|
59 76|97 41|49 40|28 89|39 44|65 88|38 26|68 12|64 19|69 61|64 26|14 18|14 99|15 98|
37 81|36 62|55 29|48 11|71 32|0 20|80 65|94 8|58 56|45 51|50 23|21 28|3 21|49 26|
83 25|83 83|22 29|74 86|57 22|53 42|89 11|65 44|94 80|78 29|28 31|75 98|32 30|48 45|
40 72|88 89|77 83|22 83|30 39|73 57|23 24|6 6|74 20|81 15|24 68|65 60|24 36|29 35|
56 29|17 78|39 13|65 18|61 69|7 86|72 36|32 57|38 44|48 50|61 67|71 93|9 84|62 59|
74 19|75 97|9 68|67 40|35 35|73 85|71 22|46 5|53 39|65 76|32 42|2 74|45 47|50 44|
72 65|68 15|65 25|0 96|13 40|14 13|73 67|1 28|60 55|19 50|23 24|17 45|0 0|53 25|
18 98|97 85|45 84|52 29|29 91|76 52|94 81|53 62|3 39|15 42|96 0|77 18|31 88|74 53|
83 67|30 28|50 51|28 1|1 91|6 84|37 46|61 43|56 60|3 45|9 50|12 66|4 85|6 50|
88 81|50 41|99 90|57 45|31 3|14 89|86 81|76 15|42 17|71 21|49 84|33 61|16 79|29 0|
3 41|87 4|59 98|53 76|22 57|98 63|44 81|42 45|88 62|48 40|29 80|49 82|0 85|30 79|
50 45|39 12|19 13|66 94|30 41|56 26|82 30|39 7|14 9|21 61|29 31|41 17|22 14|26 43|
80 83|12 8|85 16|59 35|7 2|23 19|66 74|34 33|50 84|61 73|55 18|38 97|16 10|35 33|
47 22|79 54|78 72|6 94|92 48|38 0|37 62|78 84|48 43|85 86|96 96|37 75|15 68|34 84|
44 90|82 43|68 12|71 38|86 37|67 5|37 33|99 62|35 22|20 8|42 66|80 29|66 8|67 0|
57 33|39 72|86 98|53 36|19 43|29 90|11 61|1 59|71 76|20 50|1 11|36 60|17 70|25 98|
