8291 98 19
6142 97 23
3357 96 27
4634 95 30
7618 93 34
6117 92 38
6449 90 41
3404 89 45
7247 87 48
6308 85 52
5516 83 55
6428 107 21
8238 106 25
3835 105 29
6399 104 33
6699 103 38
5719 101 42
4444 99 46
9240 98 49
8402 95 53
8258 93 57
5593 91 61
5968 117 23
4719 116 28
7667 115 32
7165 114 37
8403 112 41
5794 110 45
6488 108 50
4489 106 54
9176 104 58
6753 102 62
7047 99 66
4123 127 25
6459 126 30
5369 125 35
8065 123 40
5514 121 44
4725 120 49
6257 118 54
6772 115 59
6996 113 63
5477 110 67
6853 108 72
4074 137 27
4891 136 32
5675 134 38
5964 133 43
4767 131 48
4149 129 53
6181 127 58
6676 124 63
9435 122 68
5946 119 73
4453 116 77
5791 147 29
6841 145 35
7725 144 40
7023 142 46
7492 140 51
2723 138 57
6102 136 62
5685 133 68
8212 130 73
3890 127 78
6621 124 83
7109 156 31
5290 155 37
4747 153 43
7672 152 49
7225 150 55
4351 147 61
6121 145 66
4951 142 72
6514 139 78
4427 136 83
9773 133 88
6243 166 33
5179 165 39
4731 163 46
5283 161 52
7493 159 58
4274 157 65
8189 154 71
7626 151 77
5593 148 83
6031 144 88
5298 141 94
7189 176 35
3533 175 42
7105 173 48
5869 171 55
5599 168 62
6514 166 68
4150 163 75
6035 160 81
5581 157 87
6026 153 94
5485 149 100
6223 186 37
5420 184 44
8417 182 51
6895 180 58
4371 178 65
7036 175 72
4854 172 79
5411 169 86
7094 165 92
5746 162 99
3856 157 105
9374 196 39
4750 194 46
7010 192 54
3990 190 61
5914 187 69
5161 184 76
6026 181 83
4448 178 90
8025 174 97
4452 170 104
4963 166 111
6137 205 40
5585 204 49
5939 202 57
5278 199 64
6301 197 72
10131 194 80
7231 190 87
7029 187 95
6764 183 102
8066 179 109
5043 174 116
5383 215 42
4578 213 51
8073 211 59
6337 209 67
4144 206 76
7265 203 84
6338 199 92
6310 196 99
5707 191 107
4002 187 114
5445 182 122
5563 225 44
3176 223 53
5582 221 62
6007 218 71
5054 215 79
5295 212 88
9996 208 96
11078 204 104
7158 200 112
8569 196 120
3998 191 127
4068 235 46
6396 233 56
5783 230 65
8109 228 74
4483 225 83
3833 221 91
6030 217 100
8097 213 108
4836 209 117
4042 204 125
6046 199 133
8386 245 48
8056 243 58
5458 240 67
5162 237 77
6930 234 86
5105 230 95
4962 227 104
3694 222 113
4909 218 122
5917 213 130
3000 207 138
3631 255 50
5335 252 60
5674 250 70
3193 247 80
7809 243 89
7417 240 99
5104 236 108
7207 231 118
5440 226 127
4794 221 135
5927 216 144
10686 264 52
5479 262 63
3819 259 73
5252 256 83
4581 253 93
7611 249 103
9264 245 113
6190 240 122
5002 235 131
3699 230 141
4853 224 150
5599 274 54
3262 272 65
6046 269 76
7052 266 86
4363 262 96
4394 258 107
5348 254 117
5944 249 127
7425 244 136
6859 238 146
7362 232 155
4203 284 56
4502 281 67
6025 279 78
9521 275 89
5203 272 100
5779 267 110
4625 263 121
4287 258 131
6502 253 141
5521 247 151
3427 241 161
4859 294 58
4716 291 70
4275 288 81
6289 285 92
6296 281 103
3416 277 114
5147 272 125
5214 267 136
5042 261 146
4766 255 156
4810 249 166
6232 304 60
6592 301 72
7743 298 84
2522 294 95
5728 290 107
3082 286 118
4667 281 129
5136 276 140
7533 270 151
8267 264 161
3435 257 172
5313 313 62
5278 311 74
4913 307 86
5234 304 98
6165 300 110
7401 295 122
4123 290 133
5024 285 145
4755 279 156
10162 272 167
3988 266 177
5627 323 64
3622 320 77
6786 317 89
6136 313 101
5755 309 114
2919 304 126
5878 299 138
7369 294 149
6108 287 161
4331 281 172
5862 274 183
6694 333 66
7441 330 79
5287 327 92
7243 323 105
4018 318 117
5109 314 130
5752 308 142
4912 302 154
8861 296 166
4287 289 177
6571 282 188
4066 343 68
3911 340 81
8814 336 95
5785 332 108
3879 328 121
5267 323 133
7002 317 146
6391 311 158
6343 305 171
6759 298 182
6622 291 194
5343 353 70
7968 350 84
3724 346 97
5737 342 111
4968 337 124
4342 332 137
4347 326 150
4516 320 163
4586 314 175
4658 306 188
4605 299 200
8666 362 72
7698 359 86
4406 356 100
6100 351 114
5893 347 128
5636 341 141
4199 336 154
8315 329 167
4466 322 180
5970 315 193
5388 307 205
5750 372 74
4994 369 88
5833 365 103
4191 361 117
5777 356 131
6095 351 145
8221 345 159
7000 338 172
7224 331 185
4853 324 198
7523 315 211
7272 382 76
7674 379 91
6110 375 105
5938 370 120
4507 365 134
4482 360 149
3591 354 163
3353 347 177
5596 340 190
5773 332 203
5308 324 216
6681 392 78
6740 388 93
6124 384 108
4041 380 123
5275 375 138
6073 369 153
4134 363 167
5909 356 181
5524 348 195
7000 341 208
5301 332 222
6487 402 79
9008 398 95
4925 394 111
4194 389 126
9404 384 141
4719 378 156
4043 372 171
7572 365 186
10807 357 200
4864 349 214
9065 340 227
5878 411 81
7808 408 98
6691 404 114
4901 399 129
4695 394 145
7387 388 160
5572 381 175
5838 374 190
6214 366 205
5607 358 219
4829 349 233
5042 421 83
5455 418 100
7154 413 116
4635 408 132
4331 403 148
9196 397 164
8423 390 180
3759 383 195
6747 375 210
6338 366 224
4047 357 238
8016 431 85
7476 427 102
7528 423 119
4888 418 135
6546 412 152
3113 406 168
4363 399 184
5866 392 199
5488 383 214
9223 375 229
5654 365 244
6035 441 87
6375 437 105
6221 433 122
5343 427 139
5200 422 155
5434 415 172
4139 408 188
5170 400 204
4471 392 219
7505 383 235
6022 374 250
5633 451 89
4837 447 107
5832 442 124
5631 437 142
3901 431 159
5394 424 176
3831 417 192
3875 409 208
4063 401 224
5705 392 240
5003 382 255
3854 460 91
5364 457 109
6615 452 127
7282 446 145
6885 440 162
3770 434 179
4719 426 196
3522 418 213
4024 410 229
6223 400 245
4970 390 261
7810 470 93
6590 466 112
4031 461 130
7610 456 148
5850 450 166
4236 443 183
7314 435 200
6868 427 217
6304 418 234
8054 409 250
4167 399 266
4183 480 95
6034 476 114
4791 471 133
4409 466 151
6360 459 169
3565 452 187
5309 444 205
6388 436 222
9937 427 239
3449 417 256
6264 407 272
5893 490 97
5024 486 116
7764 481 135
5164 475 154
5361 469 173
5564 461 191
5153 454 209
4901 445 226
6379 436 244
5161 426 261
5080 415 277
6159 500 99
8505 495 119
6654 490 138
5045 485 157
4491 478 176
4324 471 195
6338 463 213
3003 454 231
6195 444 249
5646 434 266
4872 424 283
8321 510 101
5004 505 121
4483 500 141
5459 494 160
5597 487 179
6515 480 198
5982 472 217
6393 463 236
6306 453 254
5235 443 271
5906 432 288
6362 519 103
6935 515 123
7400 510 143
3365 504 163
5221 497 183
7131 489 202
6076 481 221
4873 472 240
7831 462 258
8768 451 276
7786 440 294
6502 529 105
5930 525 126
3811 519 146
4687 513 166
8283 506 186
5359 498 206
3703 490 226
4059 481 245
5525 471 263
6531 460 282
4734 448 300
6659 539 107
7587 534 128
3732 529 149
6068 523 169
8262 516 190
4784 508 210
3723 499 230
5864 490 249
4217 479 268
7191 468 287
6967 457 305
6994 549 109
6234 544 130
7711 538 152
4281 532 173
7157 525 193
7403 517 214
3341 508 234
5246 498 254
6527 488 273
7554 477 292
6108 465 311
5320 559 111
4932 554 133
8542 548 154
3179 542 176
5677 534 197
5041 526 218
10205 517 238
7963 507 258
5420 497 278
4232 486 297
4747 473 316
5438 568 113
6877 563 135
5089 558 157
2875 551 179
6705 544 200
5312 535 221
4713 526 242
5454 516 263
4833 506 283
5420 494 303
5607 482 322
7678 578 115
9283 573 137
6848 567 160
5756 561 182
5536 553 204
6219 545 225
4378 535 247
4453 525 267
6010 514 288
6025 503 308
4687 490 327
5070 588 117
3715 583 140
11948 577 162
8738 570 185
4346 562 207
5270 554 229
6265 544 251
2591 534 272
6817 523 293
7273 511 313
6272 498 333
5174 598 119
6062 593 142
4885 587 165
8194 580 188
7249 572 211
5669 563 233
8400 553 255
5392 543 276
5313 532 298
4653 520 318
4277 507 338
6090 608 120
5917 602 144
7677 596 168
2975 589 191
5411 581 214
4748 572 237
4964 563 259
5211 552 281
5038 540 302
5020 528 323
6180 515 344
5223 617 122
5114 612 147
5484 606 171
6925 599 194
6533 591 218
6597 582 241
6641 572 263
7221 561 286
2790 549 307
5827 537 329
5041 523 350
6324 627 124
4842 622 149
5467 615 173
6743 608 197
7351 600 221
6310 591 244
3044 581 267
4264 570 290
6137 558 312
6629 545 334
8952 532 355
5236 637 126
7012 632 151
6519 625 176
4916 618 200
4830 609 224
5394 600 248
4723 590 272
3737 579 295
5377 567 317
7387 554 339
5569 540 361
5376 647 128
5132 641 154
5544 635 179
5750 627 203
6098 619 228
6527 609 252
5631 599 276
4809 588 299
5050 575 322
4540 562 344
6129 548 366
8185 657 130
8735 651 156
4548 644 181
5359 637 207
5483 628 231
7601 618 256
5170 608 280
3207 596 304
7471 584 327
7171 571 350
5662 557 372
6151 666 132
5347 661 158
4867 654 184
10253 646 210
3076 637 235
3488 628 260
3593 617 284
5466 605 308
4892 593 332
4691 579 355
6413 565 377
6100 676 134
5442 670 161
6950 664 187
5757 656 213
6974 647 238
4359 637 264
6054 626 288
4623 614 313
4877 602 337
4039 588 360
6479 573 383
5206 686 136
6807 680 163
5561 673 190
6519 665 216
7481 656 242
5711 646 267
5330 635 293
6452 623 317
5074 610 342
5673 596 365
5404 582 388
6087 696 138
4747 690 165
7518 683 192
7921 675 219
6421 666 245
2894 655 271
4987 644 297
8689 632 322
3700 619 346
4093 605 370
8658 590 394
6210 706 140
6005 700 168
6542 692 195
3632 684 222
5569 675 249
6251 665 275
5803 653 301
5827 641 326
6195 628 351
7665 613 376
5970 598 400
5188 715 142
4572 709 170
4012 702 198
5757 694 225
4712 684 252
9466 674 279
4973 662 305
4678 650 331
4334 636 356
4081 622 381
6130 606 405
5207 725 144
3853 719 172
5840 712 200
5253 703 228
3801 694 256
4189 683 283
5229 672 309
5930 659 335
4128 645 361
5328 630 386
4639 615 411
5360 735 146
4128 729 175
4399 721 203
5897 713 231
5839 703 259
6965 692 287
3980 681 313
6900 668 340
5514 654 366
8910 639 391
2936 623 416
4403 745 148
6915 739 177
5705 731 206
5145 722 234
5167 713 263
7743 702 290
4904 690 318
4598 677 345
5132 663 371
5374 648 397
3779 631 422
4465 755 150
3924 748 179
7743 741 209
5747 732 237
4827 722 266
5396 711 294
7556 699 322
5711 686 349
3713 671 376
3758 656 402
6802 640 427
7755 765 152
5748 758 182
4745 750 211
4080 741 241
4561 731 269
8979 720 298
8865 708 326
5663 694 354
3929 680 381
6007 665 407
4976 648 433
4541 774 154
5612 768 184
4039 760 214
6282 751 244
5744 741 273
4430 729 302
4337 717 330
6433 703 358
3555 689 386
7940 673 412
7180 656 438
6204 784 156
8198 777 186
8020 769 217
4979 760 247
6148 750 276
5816 739 306
5404 726 334
5734 712 363
6040 697 390
6033 682 417
6320 665 444
6564 794 158
4903 787 189
4113 779 219
4903 770 250
5193 759 280
6365 748 309
3724 735 339
5697 721 367
4158 706 395
3899 690 423
4652 673 450
6583 804 159
4516 797 191
6044 789 222
4589 779 253
5658 769 283
5931 757 313
5241 744 343
5887 730 372
7238 715 400
7059 699 428
6617 681 455
6182 814 161
9030 807 193
5618 798 225
4457 789 256
4260 778 287
3123 766 317
4454 753 347
8332 739 376
6194 724 405
8390 707 433
3511 690 461
4054 823 163
4888 816 196
5501 808 228
5462 798 259
7481 788 290
6932 776 321
5409 762 351
5807 748 381
6778 732 410
5316 716 438
6604 698 466
4641 833 165
5767 826 198
7421 818 230
8935 808 262
5131 797 294
6593 785 325
3790 771 355
5284 757 385
8725 741 415
5428 724 444
3771 706 472
7094 843 167
5277 836 200
6264 827 233
4599 817 265
4562 806 297
6336 794 329
4812 781 360
5758 766 390
5289 750 420
4865 733 449
4903 715 477
6555 853 169
3192 845 203
8157 837 236
4277 827 268
4704 816 301
6602 803 332
7417 790 364
5756 775 394
4753 759 425
5579 741 454
4557 723 483
4351 863 171
6011 855 205
5028 846 238
4193 836 271
5418 825 304
4802 813 336
4557 799 368
4593 784 399
5003 767 429
8667 750 459
6944 731 488
6906 872 173
6116 865 207
6961 856 241
2414 846 275
6970 834 308
6668 822 340
5069 808 372
6810 792 404
5048 776 434
5397 758 465
7768 740 494
4332 882 175
7827 875 210
8029 866 244
4788 855 278
5707 844 311
5717 831 344
5039 817 376
5316 801 408
5520 785 439
6838 767 470
7959 748 500
5194 892 177
7688 884 212
3953 875 247
5972 865 281
3735 853 314
7450 840 348
4844 826 380
5863 810 413
6066 793 444
7305 775 475
5645 756 505
6601 902 179
5732 894 214
8170 885 249
4275 874 284
6508 863 318
4532 849 352
4331 835 385
4177 819 417
6677 802 449
3451 784 480
3260 764 511
4873 912 181
4972 904 217
5516 895 252
5089 884 287
3955 872 321
4247 859 355
8286 844 389
4624 828 422
4507 811 454
7292 792 485
6099 773 516
6323 921 183
5071 914 219
5246 904 255
4758 893 290
5135 881 325
5050 868 359
4622 853 393
4460 837 426
4657 820 459
5643 801 491
6847 781 522
6921 931 185
5491 923 221
7290 914 257
5268 903 293
8444 891 328
6062 877 363
5206 862 397
6085 846 431
3447 828 464
4292 810 496
5689 789 527
8080 941 187
4309 933 224
5184 923 260
9196 913 296
4197 900 332
4481 886 367
5883 871 401
3776 855 435
3641 837 469
5581 818 501
6723 798 533
5912 951 189
6501 943 226
5120 933 263
4387 922 299
2819 910 335
8242 896 371
6198 880 406
4361 864 440
5173 846 473
5242 827 506
5270 806 538
6216 961 191
5163 952 228
6118 943 266
7891 932 302
3880 919 339
5659 905 375
4805 889 410
6034 873 444
7462 855 478
6252 835 512
2170 814 544
4223 970 193
4393 962 231
5195 952 268
4258 941 305
4363 928 342
4527 914 378
4396 899 414
4558 882 449
5243 863 483
6909 844 517
7665 823 550
