67 50 4252
16 32 7779
58 32 4689
84 23 11032
16 51 5697
21 74 4898
57 89 1340
96 58 9160
14 77 11003
43 17 6776
24 35 8687
33 65 4818
52 15 6956
48 60 2775
98 62 3659
23 24 5542
88 81 5128
78 94 6098
62 47 4171
82 44 2406
73 56 3912
50 94 4489
17 30 8647
21 55 6649
89 72 7634
60 96 3264
43 58 2421
88 32 10690
56 54 10522
64 53 7958
92 24 7359
83 86 6014
95 81 6076
93 92 3918
86 87 4050
57 61 7781
68 78 7518
70 76 4255
46 26 4749
74 47 5844
83 44 3035
89 59 4510
74 48 4216
23 14 8431
24 57 9200
90 18 6719
44 55 3312
68 100 2725
97 24 3420
35 100 5541
81 42 7228
96 77 2866
67 60 6755
74 100 2773
90 77 10360
20 71 4980
71 48 3322
46 24 6321
49 48 5048
20 54 5278
56 66 10644
87 45 11659
73 39 6261
53 34 10085
20 45 6554
70 14 10988
53 20 4360
90 94 4572
73 35 6612
92 13 8458
33 57 3930
94 87 4612
81 61 11796
55 75 15683
58 55 2713
73 63 3154
73 48 4498
16 32 18624
42 79 2870
100 74 3564
45 79 3652
40 83 4080
35 24 6927
99 14 8688
71 24 8527
89 91 2969
33 27 4190
92 99 5448
36 13 11997
86 44 5626
100 52 7443
74 79 3873
85 29 3803
19 21 22417
42 93 5484
25 14 14903
52 24 5277
98 33 7566
54 21 19447
58 51 11587
71 80 2671
57 35 10663
51 56 8155
81 91 4667
43 87 6350
52 91 9721
32 40 5513
92 95 10340
56 90 3589
13 35 8968
79 86 5447
99 52 10105
48 53 8203
82 73 10074
24 43 8488
28 17 20268
82 75 2740
85 73 7126
24 37 9080
52 100 4640
29 48 4421
62 34 1485
62 24 4938
65 57 2558
91 91 2028
53 43 6179
19 92 2378
21 90 10323
95 52 6942
49 13 14758
60 36 3039
42 62 13530
17 47 11407
51 53 10253
33 63 8045
61 66 6067
57 93 6546
80 19 4248
74 58 3573
75 20 5062
100 33 7973
23 15 10578
17 22 11079
75 40 10956
96 51 5404
79 38 6522
20 65 12666
88 28 7008
66 96 8173
18 16 9951
55 86 5823
88 42 4410
83 63 1872
87 70 2706
33 90 6764
32 59 9720
40 89 7305
74 85 3213
18 94 10427
96 61 1605
31 66 7690
94 46 5894
44 69 8255
76 27 11937
79 90 7342
38 68 6513
73 83 7535
17 41 21741
13 33 19601
40 30 10166
37 30 5688
93 17 5141
74 64 4338
84 93 8324
93 34 6801
16 41 12201
78 57 3128
93 96 5339
98 22 10947
34 77 7699
42 14 8751
71 89 4486
64 18 7687
61 35 4319
65 47 9177
29 21 12836
78 35 8125
48 28 9452
26 80 6148
94 32 7538
41 66 11885
27 62 13493
63 80 9604
66 62 7956
61 55 4697
56 84 3790
55 52 13606
70 62 4168
64 39 6810
63 43 6883
42 27 8451
45 37 4192
43 72 7534
71 54 5267
56 15 9227
88 47 9164
55 30 4431
20 66 6492
32 68 11077
64 55 7059
18 42 12687
94 80 7506
56 79 5191
41 67 4731
22 21 19437
77 13 8281
42 14 10732
92 84 11813
73 56 6796
37 51 10107
63 83 8579
24 33 3266
54 30 5943
47 22 2181
95 63 5329
85 58 6283
51 93 5444
35 72 4275
78 22 11758
87 56 5374
44 56 2095
65 21 3391
31 88 5202
81 74 4118
70 46 4543
34 61 2255
86 39 5060
90 42 2201
47 38 4027
60 57 1574
60 58 9688
50 84 4096
13 41 10271
76 56 3470
51 23 11026
86 54 8562
56 17 11518
26 17 10692
53 84 9621
23 47 9695
65 80 6142
43 73 8698
77 47 5227
37 13 15051
53 69 3987
21 39 4829
51 23 4021
62 80 6657
42 41 2929
34 30 10389
39 37 7864
89 19 5157
61 13 16236
81 47 3528
27 84 4843
75 23 3827
23 84 5651
26 30 10458
86 53 4891
100 79 7013
80 79 12142
44 45 8104
38 23 2292
43 73 4928
56 43 7076
58 78 5257
81 80 6400
20 50 10141
59 24 13263
92 36 3824
95 70 2316
30 94 9589
80 31 3635
100 73 2647
40 65 5552
76 72 6694
30 96 6280
37 98 8328
71 76 12635
50 97 9773
100 13 9896
74 33 7085
26 98 11944
52 75 10619
48 91 5679
84 94 7071
78 20 4424
21 33 13834
79 92 7257
58 84 4649
18 68 8398
50 46 11232
97 60 5191
49 50 11144
93 88 2923
51 91 3141
71 89 2122
76 26 3626
50 71 9197
73 52 5870
91 68 6447
52 32 8772
95 92 6545
51 53 12570
58 16 5609
30 72 5520
25 40 6341
28 93 6996
60 67 2126
76 56 6205
76 96 4055
85 67 6211
75 17 6150
57 95 5152
86 41 6826
45 80 3227
47 99 3471
73 79 12031
76 61 3076
57 85 3573
88 35 2514
63 36 4128
18 62 14526
81 100 4423
51 21 7253
20 61 11493
76 41 12060
49 29 6229
55 99 6249
77 97 6702
34 93 4485
48 79 3420
56 41 5103
84 42 2424
17 92 2148
26 67 8116
96 68 14659
54 49 3278
96 71 7052
88 46 3386
31 32 9848
91 56 5216
59 98 11938
54 36 9448
41 72 3040
44 56 7025
15 14 12942
52 92 13327
33 16 22716
51 37 5992
38 94 7916
20 13 14865
45 41 5315
63 68 8048
71 22 8772
48 27 5348
77 21 8773
81 17 10812
37 53 11118
93 42 7933
70 41 8716
24 39 5611
56 66 12929
67 93 7546
61 25 6893
86 22 9985
64 34 5596
36 80 9748
73 74 6608
63 39 4756
24 48 6160
51 54 3435
85 21 7073
39 99 6419
70 99 2346
91 16 4469
45 73 3978
15 48 11444
48 13 20677
19 49 3247
65 84 6084
19 100 14065
83 25 3076
19 26 6844
20 53 7952
58 38 3863
91 64 9067
15 36 11214
99 58 3798
75 50 11337
64 57 7490
19 96 12534
55 15 11995
60 64 3219
37 25 7470
22 41 3728
38 35 11416
41 52 7524
22 14 8293
75 34 7470
77 98 6285
59 14 3809
36 47 3715
24 61 7507
40 30 9148
58 40 6205
27 39 5888
32 81 3326
71 76 3739
53 77 3938
29 55 16340
37 47 6533
47 87 5579
94 57 6089
20 81 3044
32 70 5327
48 60 3828
72 34 8456
47 70 4748
38 71 2693
24 42 7885
19 41 2438
92 53 7691
84 56 2489
22 88 6906
94 63 7511
78 40 6201
69 71 6764
24 40 12097
21 39 12693
41 64 5799
63 76 3506
66 20 9355
57 90 2687
18 79 3388
22 67 5094
61 93 7832
86 92 3134
31 37 6213
21 93 4912
50 43 4829
62 45 5686
56 27 6087
98 82 5752
17 64 7437
54 88 2782
47 68 7940
16 57 9304
49 55 8488
42 17 11906
93 20 4934
82 39 7840
46 51 6264
22 13 11446
77 22 4364
81 46 7640
86 81 6905
74 36 9533
87 89 7461
52 32 9576
22 36 7087
84 96 5455
83 53 4720
17 92 9715
42 28 5944
87 92 7689
55 21 5472
38 84 3641
71 68 9542
77 84 4279
22 79 3342
23 94 6316
21 100 6184
96 96 6561
95 31 5050
61 19 5076
27 99 4397
72 44 7684
89 84 6783
96 87 4575
75 50 7461
39 81 8643
89 39 2461
43 39 7475
55 38 8387
82 66 7235
41 18 12667
20 87 8559
72 89 1532
49 47 11788
90 85 10664
58 95 4460
91 73 7006
60 39 4593
31 72 7256
68 23 4725
83 81 3152
92 53 5147
74 79 8468
49 23 6539
52 74 8005
58 54 6315
42 42 4813
32 61 10463
62 96 4770
66 93 8561
14 52 18122
60 88 3379
30 86 10060
36 39 4526
71 14 4014
46 24 3106
88 24 12610
88 92 7961
32 48 4329
72 13 4810
21 31 5360
77 37 9643
90 17 8700
21 48 8780
94 57 13567
52 61 12901
75 23 4712
64 26 9113
24 96 4502
87 62 5589
70 49 3413
74 19 7033
35 18 9939
93 45 5305
69 93 3889
37 26 2554
15 87 5834
33 40 12132
76 54 5374
13 39 12941
58 27 7432
97 51 5591
83 25 3297
34 13 5626
42 70 4406
25 53 5316
55 38 5959
87 50 6833
56 64 7181
89 33 3014
77 22 9143
86 84 6154
72 15 7796
34 59 6739
36 51 8298
64 97 4441
22 65 9141
73 72 3847
80 55 8311
64 66 9598
49 52 2609
49 59 2545
57 75 8250
44 52 2771
14 63 7643
90 47 5190
95 98 4349
80 80 8224
96 66 7788
79 69 5952
86 62 5728
35 43 2311
40 59 3085
96 66 12367
51 29 4741
67 46 17666
40 37 7080
43 54 4709
51 18 8823
32 93 9454
80 39 4089
48 57 9278
71 14 7618
53 89 7519
18 42 11487
36 87 7502
84 89 3768
73 88 4613
32 96 15621
75 87 7883
94 66 6496
78 61 2934
18 60 7786
28 44 15316
16 87 2050
42 87 6304
43 91 6504
56 50 3705
74 97 7405
83 13 10414
75 29 4381
61 49 14148
24 22 8081
94 100 5525
98 51 5553
77 26 7790
19 34 8547
86 37 5349
17 59 6782
63 66 7229
30 92 1776
65 82 11929
43 36 5130
20 44 3171
14 58 9442
24 96 8465
91 79 2654
40 58 3944
55 26 6721
36 46 10760
97 16 9182
23 35 12514
29 16 9662
53 95 6831
83 90 7248
39 60 8415
84 51 9233
56 52 3960
54 88 9075
18 42 15000
34 74 9596
74 71 9114
34 37 3805
100 66 3320
41 99 7245
70 68 5416
97 50 6705
76 42 2004
98 30 5352
30 70 5199
35 89 6596
30 88 6362
75 25 5334
58 23 10390
19 19 13609
71 84 2563
74 54 3599
26 15 11683
50 85 5906
28 35 14440
79 57 11332
20 22 11501
15 61 7257
46 85 8333
89 70 9909
28 48 3833
29 67 6238
87 20 8536
95 50 6085
86 96 4177
97 23 6956
16 81 11336
79 69 3291
76 38 8806
72 65 3536
87 24 4851
45 67 9256
93 57 10761
14 50 10905
74 21 5573
13 69 7956
38 46 8484
79 17 15940
30 20 25938
43 64 8559
20 100 21216
54 77 6700
26 20 12821
39 42 6891
61 77 6106
14 30 12013
17 55 6994
58 18 6723
81 37 3936
23 43 7870
74 86 2852
58 84 6404
29 88 4971
47 89 5841
38 69 2329
55 44 7813
47 19 10121
78 82 5858
40 36 4840
96 73 3187
38 17 4055
35 31 12727
33 87 6740
52 77 12829
24 57 4472
89 18 10745
76 81 2684
51 71 4032
92 63 3834
35 69 5010
70 80 3932
49 27 4028
63 46 5619
79 13 4804
94 58 6284
51 13 11918
55 49 10858
48 60 7299
65 65 9685
18 63 3076
73 23 9041
68 44 5848
39 91 7436
98 37 1945
100 67 6512
71 58 3483
19 23 10434
25 47 5742
19 25 14409
76 20 7414
32 33 12642
92 46 3364
17 71 9558
82 44 9593
32 65 7805
35 46 6110
43 72 2563
31 37 7789
94 34 4674
66 61 9617
61 75 5598
44 23 9437
52 68 5743
17 33 7921
43 89 3308
34 45 5854
53 69 11397
52 76 1794
39 96 8413
98 94 3391
57 96 8663
42 81 2213
39 13 29826
82 52 5659
57 77 11982
47 22 5372
62 97 5243
24 49 10055
21 81 3388
57 14 5844
73 31 4678
97 77 5710
27 91 7485
95 90 4682
16 14 21908
31 31 6399
96 46 3306
27 88 4076
21 84 3302
37 98 7611
50 29 6013
70 67 4275
84 76 2776
32 34 6196
19 65 11604
35 83 2842
30 82 6017
83 67 4432
47 99 7454
16 88 9361
77 42 7319
97 60 3677
69 75 6421
73 49 5762
32 23 8114
33 51 9295
59 30 5677
22 88 5378
36 49 5430
18 88 10797
21 67 3751
97 34 6899
26 22 6191
62 63 6676
81 18 10011
15 54 11298
21 74 4972
77 53 3995
13 82 10756
84 24 3688
40 69 6399
72 79 8296
85 51 5058
98 51 6312
39 56 5326
22 19 13329
68 66 3636
30 69 4607
15 90 4038
60 57 6457
71 55 4034
82 44 10134
50 56 5843
47 83 4579
83 84 3366
78 25 9883
90 86 13590
25 79 9037
73 31 4514
91 35 5575
96 97 4785
52 45 3142
62 13 10023
23 67 5919
76 86 8254
21 46 9115
65 63 15407
88 81 10889
84 57 2591
28 87 12479
83 18 4292
75 79 5336
37 20 8094
66 79 4039
61 44 10084
69 28 5095
80 100 4762
65 16 7821
100 81 6993
42 89 4211
88 89 8729
27 97 4880
63 75 7212
35 84 2786
30 81 4510
20 48 8828
95 41 6715
26 14 5524
63 22 4751
23 54 11855
83 27 7161
16 48 6001
97 67 6462
43 26 7627
57 75 1561
35 65 8035
57 68 14849
74 88 3818
59 40 6879
85 66 4717
15 47 13240
96 26 5719
18 81 11931
33 89 4147
79 15 5827
45 81 3591
25 88 5948
38 16 7588
100 63 6608
61 100 4984
36 31 7214
24 61 2099
27 49 2475
32 78 10141
42 53 10024
41 15 15253
27 15 11889
77 41 12442
78 33 9211
93 42 6879
89 65 4308
27 22 15600
93 60 7083
55 61 8578
56 24 2969
44 68 4745
39 35 8210
46 74 2671
43 99 9595
71 78 6185
30 87 10881
89 59 8142
37 31 5044
48 47 5777
36 42 4323
81 43 13326
82 16 6259
67 81 7439
72 49 5611
32 74 5111
84 72 8992
59 46 4698
39 66 8865
19 35 4733
56 76 4596
60 67 5942
95 98 5557
40 13 9453
68 70 6308
29 72 8866
63 26 4249
65 70 4294
46 86 5065
97 79 3909
79 30 9875
75 73 6304
15 87 8323
86 51 5882
34 24 10926
73 17 2440
55 59 7524
53 45 6005
82 22 8308
28 32 8982
68 49 5685
17 96 8216
48 64 7917
56 94 2583
16 79 10669
27 25 13248
46 65 8012
97 55 5167
54 68 7434
79 73 6859
45 79 4029
97 93 6650
30 70 4871
51 61 6860
33 78 5182
36 86 7945
56 35 5108
47 19 7295
40 98 4164
80 84 3329
28 90 4876
66 27 7111
73 97 3163
51 86 9453
72 31 12317
73 87 7442
80 51 6136
63 66 5287
79 96 6972
69 59 5217
47 50 6599
36 25 4095
70 63 16557
13 19 16320
15 76 7859
91 83 2406
16 19 6808
85 79 8064
22 48 5826
41 75 3226
75 84 6272
38 20 4304
33 18 9873
53 78 8975
59 51 3139
13 40 14963
97 42 9701
90 37 7235
60 90 6223
99 69 7703
99 63 4692
54 67 3546
55 40 9262
58 99 7976
55 35 4025
83 61 9095
15 72 5116
55 34 13020
89 78 11621
15 66 7685
14 65 12735
69 65 4323
75 71 4672
23 23 8322
40 51 6851
49 49 7088
32 73 14466
20 53 11428
34 25 14235
97 85 3948
63 20 5395
32 29 7722
65 82 7727
60 49 7992
34 70 4411

7 9 500000
8 9 500000
9 7 500000
9 8 500000
11 7 500000
10 9 500000
8 10 500000
10 7 500000
7 11 500000
7 10 500000
10 11 500000
8 7 500000
8 10 500000
8 10 500000
11 11 500000
8 7 500000
10 9 500000
11 9 500000
11 10 500000
8 7 500000
