4 54|17 49|37 45|19 36|81 99|15 15|87 32|8 9|73 37|27 54|20 48|0 0|22 59|58 71|
28 44|30 23|98 43|2 18|40 80|14 8|65 72|74 83|62 46|35 82|16 29|0 97|11 0|13 28|
2 89|74 58|70 48|43 6|76 30|51 22|46 57|98 20|6 82|37 1|97 64|0 91|8 77|46 54|
67 3|79 42|25 85|16 12|52 42|18 50|19 26|42 27|33 68|23 51|12 50|17 53|22 27|28 75|
55 54|26 25|52 68|22 19|25 63|83 96|26 43|48 80|58 46|12 97|56 69|22 61|23 21|43 96|
27 35|7 97|34 14|1 84|84 2|20 81|58 61|61 32|22 76|80 85|78 7|3 83|10 93|12 75|
27 38|14 33|25 32|4 33|81 37|58 35|55 35|83 83|23 10|14 16|3 10|7 13|15 16|15 32|
73 4|82 80|77 23|83 22|45 25|68 12|71 66|48 51|49 26|0 85|92 27|0 14|4 82|67 10|
36 76|16 1|89 89|37 40|44 28|25 87|66 10|56 78|1 99|49 19|23 20|14 99|20 31|23 15|
30 28|81 38|48 47|42 81|11 20|95 91|6 53|18 50|88 18|92 12|43 58|0 0|1 1|29 25|
24 62|39 44|23 1|85 44|24 78|38 52|95 56|22 99|55 50|56 7|60 63|22 0|51 0|53 3|
79 26|69 81|21 97|55 44|28 76|97 99|21 59|22 19|13 51|51 56|14 5|0 39|14 48|20 83|
8 52|37 95|97 95|87 81|82 58|32 41|23 1|29 24|35 78|91 26|3 53|10 53|20 14|21 10|
78 46|1 87|53 79|81 48|47 61|51 14|15 8|46 90|13 48|91 51|47 54|3 86|7 85|11 0|
45 32|11 64|51 59|17 25|29 49|16 47|17 51|43 32|81 28|64 85|69 92|0 0|0 21|4 22|
13 59|31 95|16 3|53 35|61 39|40 43|62 35|0 61|59 68|64 68|94 15|3 60|13 0|16 12|
75 56|59 34|91 7|81 98|74 79|45 53|32 6|73 63|39 65|22 80|66 8|6 99|23 73|27 0|
86 97|43 79|83 58|83 67|79 25|64 31|94 78|57 8|8 97|84 2|52 1|53 3|56 16|78 15|
61 22|45 32|41 39|64 1|46 55|58 20|47 26|15 20|5 15|89 24|43 69|8 19|11 17|37 98|
89 65|47 24|61 69|33 79|58 79|55 95|94 21|88 99|60 67|10 85|53 83|52 82|57 77|88 74|
87 27|69 84|54 32|57 20|58 37|85 16|43 8|92 6|1 25|96 39|35 13|25 0|33 14|59 21|
42 90|52 57|56 47|29 34|76 30|24 13|1 97|30 48|41 2|43 17|66 31|0 0|5 5|14 50|
26 15|68 7|34 79|42 25|19 87|53 28|11 75|38 38|67 81|93 86|21 97|0 74|2 74|39 38|
33 87|78 85|60 55|77 65|77 67|71 43|16 28|81 91|26 93|47 49|97 36|15 99|18 32|27 92|
89 34|29 55|17 58|61 67|19 81|91 35|94 25|23 71|94 34|71 78|70 77|0 88|2 87|20 58|
32 55|83 31|82 15|97 0|50 59|16 33|88 75|21 37|48 84|5 86|53 76|0 90|30 76|88 10|
31 18|42 6|36 34|41 92|94 67|98 70|72 46|0 71|17 70|83 58|32 31|2 69|3 69|8 0|
77 99|42 27|73 56|35 51|22 61|89 50|17 0|56 66|51 86|96 35|4 67|0 69|69 93|71 94|
55 36|38 71|69 60|82 21|17 72|9 1|45 59|95 64|44 66|40 85|32 67|10 3|12 8|48 39|
30 40|32 22|61 76|44 53|40 47|45 80|58 94|3 44|90 38|3 6|82 47|0 44|19 15|19 57|
46 57|54 53|33 6|61 26|9 64|89 83|81 15|71 22|40 22|59 76|40 73|0 66|13 63|28 67|
48 31|92 42|11 14|1 6|93 1|26 17|36 11|84 84|15 9|42 30|99 99|3 7|12 13|22 16|
36 46|28 22|34 58|75 56|60 69|17 5|86 55|10 43|97 56|1 63|39 41|14 0|16 11|28 97|
40 39|16 45|61 63|85 92|42 42|39 74|77 63|4 36|16 81|6 98|25 16|0 34|7 37|14 45|
61 36|52 3|52 10|56 24|4 87|96 10|16 69|39 37|56 35|37 33|1 39|3 42|4 44|23 31|
71 10|16 9|36 18|90 75|76 70|61 13|37 98|22 70|90 1|60 69|15 59|0 56|1 56|16 59|
15 86|76 74|8 20|82 43|74 65|49 60|70 17|46 56|47 71|96 93|2 96|9 92|15 79|73 48|
31 75|58 54|77 31|99 85|41 8|16 93|37 8|59 23|71 29|63 0|78 65|0 0|2 1|9 7|
50 47|51 50|82 1|7 94|25 40|39 47|46 85|30 83|56 92|53 86|13 33|15 36|44 28|52 51|
1 33|21 38|59 14|32 96|59 67|43 48|42 9|39 76|86 75|95 3|37 50|4 34|31 59|31 99|
45 62|42 41|62 83|38 75|54 16|61 67|55 8|13 87|91 40|3 93|87 42|16 82|39 72|54 11|
0 78|88 64|81 14|31 38|34 33|93 16|87 52|26 45|57 35|24 22|89 6|51 31|53 39|87 50|
25 10|21 95|25 39|10 0|35 37|71 8|95 33|45 17|45 51|33 37|72 0|12 1|15 2|19 8|
9 17|70 46|38 77|58 42|32 95|87 3|53 14|90 58|66 23|18 21|42 43|1 13|32 21|48 66|
28 63|35 34|52 3|30 14|3 49|23 4|27 84|24 22|35 16|39 3|28 70|0 51|31 47|34 32|
50 9|11 14|54 1|95 91|25 20|64 37|31 18|99 15|84 29|50 50|13 91|4 99|5 98|18 71|
78 9|23 1|61 28|67 10|87 0|25 28|8 76|39 0|61 52|31 2|91 84|0 84|28 2|39 1|
3 22|85 39|49 35|72 64|96 42|72 32|90 14|6 26|67 82|79 46|6 94|0 19|0 98|48 33|
28 80|7 96|25 43|90 57|30 9|28 1|97 24|88 40|50 26|87 44|53 52|4 99|21 44|27 42|
43 66|99 10|60 89|6 71|65 46|62 44|52 75|83 76|49 97|76 51|49 26|48 99|52 94|53 73|
49 53|40 19|46 88|80 65|47 21|76 64|97 77|28 62|13 57|55 22|58 10|0 0|0 53|29 63|
52 0|77 24|66 52|21 48|2 72|51 41|67 74|90 88|55 23|33 51|23 48|5 70|10 68|64 58|
51 86|51 94|25 27|10 47|36 63|89 9|29 29|59 32|78 9|41 30|66 6|0 53|5 51|43 0|
78 90|41 70|0 64|8 95|19 67|12 67|40 61|96 27|49 46|62 59|39 85|1 64|3 99|18 88|
75 53|13 57|7 65|0 7|39 48|25 32|1 70|39 57|37 14|20 29|79 91|16 56|24 32|32 43|
43 9|82 37|84 29|20 6|62 22|20 94|76 29|49 61|60 22|95 38|59 51|6 0|29 10|49 0|
16 5|53 47|11 85|83 40|6 51|18 43|30 29|83 78|28 70|63 48|27 57|0 50|24 58|26 70|
58 10|17 50|99 22|83 31|31 45|12 51|55 83|68 98|46 28|57 56|62 56|0 54|6 57|45 77|
0 89|3 10|53 66|28 35|10 70|89 65|9 82|92 94|26 17|98 27|50 48|0 8|5 11|30 66|
14 4|93 25|32 31|54 19|82 29|33 9|94 77|43 11|61 45|1 85|49 26|0 0|3 82|24 68|
42 21|1 20|87 67|29 99|80 15|23 54|33 80|68 50|51 30|57 41|33 82|22 0|46 27|47 21|
30 59|27 43|33 48|91 72|72 32|27 65|15 68|0 82|12 5|21 84|68 15|23 52|31 51|65 1|
3 56|5 8|86 66|9 93|21 83|63 29|68 23|96 6|64 49|11 16|6 47|0 0|0 52|4 99|
61 40|60 48|61 99|97 51|71 73|69 63|65 7|95 47|13 75|96 45|99 52|0 78|52 94|54 95|
20 18|70 51|35 15|40 29|6 36|96 39|37 29|89 95|46 12|9 36|1 4|0 37|4 6|13 9|
5 12|47 41|74 90|73 6|43 12|91 1|58 62|12 59|3 98|9 86|35 0|0 13|8 11|9 61|
37 42|97 26|90 76|20 88|96 82|84 44|47 87|68 78|20 31|93 93|90 89|0 12|0 89|43 66|
43 69|62 79|54 72|54 35|4 16|45 18|70 2|16 27|69 43|23 86|22 89|0 12|6 17|44 15|
59 56|49 54|13 16|11 49|67 56|51 74|64 39|39 53|52 47|7 68|38 63|0 3|0 70|41 65|
58 52|4 39|40 14|66 59|26 34|56 40|32 31|98 6|63 60|78 56|74 30|0 39|0 82|1 81|
95 80|79 33|4 86|89 31|34 23|63 6|60 15|43 78|23 6|41 59|55 56|6 82|33 78|35 23|
84 34|85 82|21 19|34 33|96 3|21 94|83 18|47 70|27 70|93 7|1 2|42 69|55 53|64 46|
95 29|55 53|59 83|2 50|17 55|73 89|69 87|64 84|7 58|10 93|73 47|0 59|2 99|12 57|
79 39|90 11|25 50|16 8|23 39|6 1|74 53|96 10|99 72|3 90|75 36|7 3|34 5|78 56|
85 43|21 71|5 83|60 10|71 76|62 57|68 30|65 90|90 97|80 71|86 74|0 84|57 0|57 59|
70 72|91 5|3 93|17 34|30 41|9 59|33 50|8 79|97 90|3 7|76 46|0 4|5 28|29 45|
81 98|81 99|59 79|51 65|96 68|47 72|16 20|66 58|15 78|69 70|76 53|0 0|62 71|82 94|
57 60|3 15|81 7|42 17|42 72|50 84|39 61|33 91|25 48|44 56|46 60|0 11|30 98|40 63|
2 4|60 17|64 10|17 60|35 44|35 31|31 41|13 93|23 75|95 90|71 43|0 2|10 99|19 62|
64 87|59 42|13 92|8 60|91 15|28 56|37 60|0 14|65 27|60 52|47 82|5 99|6 98|73 28|
55 82|34 32|73 79|42 79|59 84|22 16|58 80|50 36|86 84|46 11|39 93|26 23|28 27|38 80|
76 48|15 36|20 83|80 61|95 12|89 84|0 14|75 70|70 84|0 88|22 81|66 96|69 81|77 43|
43 66|77 85|13 5|89 94|63 52|53 80|37 80|47 65|8 75|39 38|25 55|0 74|15 9|38 37|
65 35|33 56|76 26|36 85|16 41|55 73|33 87|22 80|65 81|0 84|54 52|0 0|1 2|2 83|
54 46|73 59|82 13|58 35|65 7|34 63|81 67|13 56|54 41|76 20|37 85|35 64|36 66|49 60|
3 74|34 27|91 37|31 61|32 5|28 99|64 44|41 70|93 16|96 48|31 1|15 56|33 6|84 21|
49 66|63 34|30 45|24 31|97 78|31 64|28 50|85 19|2 74|3 26|41 48|0 24|0 76|3 61|
30 42|49 55|54 22|65 34|71 84|49 73|18 68|40 53|55 35|47 54|92 24|0 21|36 46|44 72|
92 85|86 26|98 11|46 50|85 39|41 77|10 59|21 55|44 81|23 18|32 35|0 0|1 1|3 4|
29 6|15 96|37 43|15 23|7 27|64 52|16 74|88 51|97 84|55 76|73 78|0 24|2 25|10 99|
97 94|96 16|58 70|37 59|58 65|93 28|11 64|83 88|51 81|53 98|43 72|21 63|33 56|40 74|
71 22|41 61|57 92|15 73|51 66|58 34|63 32|91 4|49 36|58 30|24 19|0 3|0 87|18 56|
8 56|56 60|86 92|65 40|55 50|90 56|13 81|34 57|72 19|29 64|71 62|0 92|50 74|60 57|
55 8|25 34|17 39|99 96|91 32|51 16|18 60|62 73|84 80|5 77|81 36|0 27|7 75|49 14|
99 2|22 78|99 78|11 99|3 16|53 29|14 21|77 29|39 39|92 66|24 47|18 45|19 45|19 82|
45 6|79 61|23 74|69 17|46 32|55 19|4 16|44 45|70 22|90 71|42 10|5 99|26 13|32 12|
66 82|66 85|49 31|31 65|0 64|56 69|68 90|33 58|28 23|89 23|50 35|0 0|2 3|49 32|
40 43|86 76|58 65|12 32|74 39|56 22|56 61|12 96|66 0|29 75|65 40|0 25|18 85|27 79|
51 58|28 34|8 23|1 70|41 54|42 32|43 54|72 42|47 92|49 3|58 24|43 35|48 9|48 10|
36 40|70 48|44 96|82 56|46 93|96 17|77 54|18 35|80 35|50 72|41 26|0 15|37 39|49 89|
77 84|59 68|96 95|54 67|86 19|24 25|9 14|30 75|46 40|56 76|68 45|0 74|28 54|29 54|
8 9|26 25|96 75|20 23|76 71|95 3|34 30|57 72|49 24|11 85|55 13|0 2|0 89|10 10|
57 70|69 43|65 46|95 96|87 65|27 63|70 72|70 71|48 81|34 96|0 61|8 62|40 91|71 68|
38 72|93 31|58 43|9 94|23 83|85 58|6 35|97 55|1 41|4 40|6 13|0 41|10 36|53 45|
63 52|99 1|82 65|54 77|66 52|66 30|72 44|93 97|90 35|54 35|25 16|3 99|68 29|81 70|
2 17|66 44|72 47|49 31|35 93|28 59|45 24|72 60|35 95|83 81|88 48|0 14|21 59|73 62|
3 34|7 37|31 62|91 54|39 74|50 18|98 33|51 20|86 35|95 36|98 65|0 32|30 0|81 51|
1 34|70 50|6 59|48 20|40 19|97 57|23 0|29 8|20 31|44 44|92 6|0 34|2 35|3 37|
56 70|94 30|51 56|56 72|42 4|68 21|68 27|69 38|59 31|81 0|20 90|28 78|36 36|38 0|
6 6|53 93|90 96|30 33|4 2|24 96|45 37|95 9|53 48|73 17|11 27|0 99|5 5|5 98|
82 61|90 40|87 28|35 27|92 9|59 49|3 34|40 29|87 18|98 59|29 38|0 0|2 1|15 35|
70 21|56 65|60 51|14 38|70 33|6 3|63 72|85 95|21 19|71 11|3 38|0 0|3 2|16 15|
56 65|61 71|21 64|84 17|60 15|45 3|44 4|36 61|43 1|7 40|73 87|0 35|43 0|59 16|
27 56|43 30|96 90|69 29|86 85|46 7|36 73|14 87|84 27|98 17|37 84|0 32|0 96|82 79|
22 75|12 82|77 83|27 90|26 63|70 82|52 29|26 33|50 65|4 87|70 2|0 96|14 83|23 75|
73 50|49 26|65 25|73 4|26 56|21 60|70 7|16 14|92 48|11 58|79 96|0 0|15 57|25 56|
47 45|5 67|56 75|58 89|59 21|51 26|20 35|90 44|9 19|65 60|60 0|0 6|0 70|39 63|
46 23|70 64|80 23|35 6|64 98|91 57|41 70|81 58|62 75|91 2|62 24|0 79|3 78|43 12|
56 69|2 4|9 11|36 56|47 14|90 71|11 81|99 82|59 63|93 14|67 68|11 49|25 53|54 62|
58 62|18 1|86 27|91 28|80 30|83 84|93 19|42 15|81 22|80 56|99 17|0 78|7 76|35 7|
54 43|68 99|69 72|53 78|30 46|53 41|79 23|3 7|1 98|26 54|63 31|0 3|3 34|28 39|
8 20|73 19|28 69|33 70|99 46|75 40|54 78|56 42|63 85|46 74|76 46|0 17|20 35|73 22|
41 61|8 70|2 26|63 7|46 23|83 77|63 58|51 13|51 29|68 2|7 88|0 25|0 98|28 48|
90 22|59 71|56 62|72 69|44 35|11 23|83 25|5 13|34 41|14 51|79 93|0 9|0 45|43 43|
41 78|59 26|82 81|48 43|81 20|40 80|9 20|92 92|50 18|92 9|34 33|0 4|14 29|52 24|
87 48|87 26|7 27|89 54|59 88|22 58|66 94|49 47|65 57|19 35|98 8|0 23|37 39|53 83|
56 46|49 43|27 85|5 88|5 14|22 98|18 39|93 21|52 28|1 95|61 43|0 96|3 89|21 97|
13 13|60 85|34 78|58 67|23 27|71 57|36 76|18 92|54 89|88 90|99 32|40 99|44 78|56 71|
38 39|34 29|4 6|70 54|84 96|57 3|25 10|58 7|40 58|97 2|76 29|0 3|36 28|57 4|
54 86|48 83|20 54|77 65|8 66|87 41|87 77|4 43|98 86|98 31|57 96|0 40|0 63|10 65|
22 37|38 62|34 99|98 3|23 38|56 62|75 7|38 61|75 95|69 80|22 8|0 5|23 12|44 10|
36 72|39 46|10 97|76 11|65 81|61 29|84 95|7 42|89 40|26 76|14 41|0 35|16 42|59 28|
90 76|78 74|68 24|58 81|30 29|4 97|17 27|32 60|13 76|71 96|5 13|0 8|19 28|29 28|
69 66|37 74|78 53|67 75|50 9|43 71|79 92|37 41|32 93|24 39|54 35|0 0|15 24|35 38|
46 4|52 29|11 31|83 81|29 69|74 78|56 29|54 60|96 88|65 18|31 89|0 25|24 98|43 53|
66 31|25 18|80 16|32 73|79 61|68 60|55 68|8 90|74 23|44 62|50 28|0 96|15 80|35 72|
97 78|28 33|13 15|80 49|79 82|18 63|56 42|99 9|85 95|60 72|14 63|0 0|57 44|65 51|
20 46|56 99|21 99|27 87|69 44|66 27|35 52|96 41|78 56|40 79|60 54|0 43|34 48|62 34|
26 70|19 17|49 67|74 80|4 5|65 6|10 11|90 5|77 89|21 81|65 42|1 99|15 15|39 49|
24 2|15 91|73 88|19 46|37 24|43 61|34 54|72 33|30 39|34 21|11 16|0 3|13 18|18 58|
75 71|22 93|13 21|32 86|14 69|30 82|55 60|14 58|71 46|36 74|4 77|0 78|15 98|41 73|
13 68|63 38|10 93|41 26|85 34|53 5|15 40|39 67|8 96|80 76|60 70|0 31|33 39|38 69|
76 40|16 66|61 96|40 12|72 39|69 67|94 61|84 57|37 61|43 29|58 50|26 0|27 1|74 49|
34 38|2 95|53 49|36 40|43 38|86 24|73 20|0 43|8 68|6 50|94 7|0 97|5 70|10 67|
77 59|90 67|71 36|4 94|44 70|39 68|37 97|48 53|44 24|74 23|40 84|30 70|41 0|41 51|
28 5|47 46|91 31|44 92|52 80|28 2|76 47|25 84|53 31|91 68|9 97|12 93|45 83|46 82|
53 67|26 26|85 88|85 84|92 96|88 76|65 49|32 35|68 68|59 37|2 83|0 1|39 38|73 0|
56 55|36 71|47 44|63 76|93 41|77 48|80 40|20 77|59 63|25 17|17 80|0 89|39 69|50 71|
67 50|13 5|67 40|45 57|55 13|21 76|34 21|90 75|0 91|30 70|81 0|8 0|22 75|29 71|
33 79|35 29|58 62|57 42|47 20|31 84|64 79|60 70|23 96|91 78|28 21|10 0|22 98|24 91|
97 31|98 82|73 5|25 86|72 30|87 35|1 69|10 66|63 24|65 39|33 73|6 67|39 73|46 74|
60 70|67 38|60 49|45 74|71 73|89 91|47 54|11 67|26 81|31 37|93 9|0 0|0 77|28 70|
72 40|62 61|37 41|52 59|74 76|89 98|55 47|18 84|98 27|36 23|63 76|0 88|20 0|50 56|
21 97|55 70|49 24|39 82|29 82|33 70|32 65|54 9|48 60|98 48|1 29|19 87|31 71|48 75|
82 14|16 70|81 65|19 68|95 88|82 30|71 87|99 98|37 54|74 66|75 51|0 72|76 46|86 11|
29 25|30 41|45 30|48 26|64 52|62 59|29 69|11 5|95 72|44 8|76 90|0 78|42 13|60 51|
39 83|3 4|89 2|17 20|64 82|63 37|67 26|37 59|47 67|59 37|37 25|1 3|8 6|29 53|
21 0|30 47|52 52|57 74|23 44|1 42|10 42|48 47|26 4|66 30|85 14|11 40|22 1|28 48|
91 31|65 40|51 19|38 22|71 12|68 24|95 31|57 53|6 9|67 84|71 11|0 7|23 10|43 22|
41 75|87 98|14 6|67 31|62 80|59 78|39 41|94 0|32 23|1 0|74 18|2 1|6 6|11 7|
69 25|41 24|94 87|20 76|10 84|75 0|79 79|35 11|31 69|59 27|69 26|9 0|11 1|30 74|
75 7|65 60|16 12|20 54|67 26|71 43|15 63|68 72|31 23|3 68|69 18|0 0|0 70|19 54|
10 96|68 25|2 68|83 67|65 13|30 54|12 70|15 86|15 84|13 15|95 95|11 91|14 50|16 23|
51 33|39 72|13 85|91 24|63 85|97 1|45 62|87 60|2 18|27 37|64 95|0 95|8 89|62 67|
66 75|10 89|29 19|62 13|69 44|5 91|92 77|74 59|83 94|71 77|98 4|8 0|9 1|11 88|
60 33|45 24|85 20|43 15|98 16|82 19|54 99|28 55|0 56|50 41|47 6|2 55|5 53|52 58|
97 10|86 59|74 89|34 46|72 24|16 46|38 39|70 83|16 21|74 40|0 1|5 7|17 29|34 33|
30 0|41 7|28 2|16 66|62 5|11 69|7 6|28 25|18 5|44 83|30 23|0 0|0 76|3 74|
49 40|49 67|83 35|73 10|15 82|55 40|52 80|13 99|99 30|9 70|16 73|0 67|12 69|14 74|
73 98|67 28|80 21|49 56|58 71|2 76|47 1|13 87|68 28|12 73|91 11|0 99|10 73|46 46|
65 39|29 69|57 30|17 91|0 47|72 71|52 52|20 86|24 59|85 88|47 8|44 15|48 5|50 61|
20 18|87 3|17 95|66 85|67 70|95 79|83 69|58 29|83 31|68 60|66 67|4 0|12 99|14 11|
1 19|76 84|63 74|13 45|14 67|2 85|75 38|85 34|32 4|49 20|45 32|5 20|10 21|31 0|
75 62|68 39|33 67|36 9|93 89|34 56|24 97|24 17|87 85|68 47|38 13|0 0|6 5|25 72|
2 60|32 39|36 30|81 87|94 98|29 54|20 53|36 54|14 1|31 26|76 2|27 36|28 23|31 39|
99 32|61 96|51 2|91 31|92 17|18 85|80 41|55 45|62 30|62 67|98 11|0 98|49 47|54 26|
35 82|25 47|36 49|76 20|89 5|41 50|43 20|64 37|19 88|95 73|85 71|10 99|19 0|20 1|
5 8|4 61|47 39|30 57|11 16|39 79|8 45|34 39|31 30|25 35|26 50|0 0|0 64|22 37|
64 49|53 46|84 23|79 57|35 0|67 31|36 42|18 67|47 15|34 22|20 22|0 10|29 20|35 1|
9 13|91 13|93 86|83 57|62 33|12 24|73 27|43 46|12 40|67 47|4 48|0 5|42 44|57 40|
64 99|48 72|21 95|86 45|51 61|49 52|7 6|51 72|99 63|90 2|45 50|31 84|43 46|77 32|
44 58|60 67|92 99|13 61|43 35|26 58|80 41|83 30|27 21|92 21|25 19|0 0|1 1|10 11|
77 56|21 39|4 54|7 16|98 87|14 54|79 77|86 55|91 94|84 4|72 70|0 5|70 12|78 58|
98 35|68 18|36 56|72 31|3 86|44 56|45 70|20 39|67 79|24 77|3 41|0 40|7 83|23 62|
41 2|3 92|89 19|82 37|35 98|40 86|88 75|81 61|64 57|59 42|98 10|34 19|36 96|39 7|
79 27|34 59|87 14|44 57|31 23|4 88|66 85|26 80|84 89|40 38|76 76|9 84|18 0|41 55|
63 29|32 12|14 37|27 1|82 14|19 88|78 46|99 54|67 46|92 4|19 93|0 40|13 99|15 36|
56 10|5 50|17 39|45 37|20 91|38 78|35 42|22 40|89 90|99 97|52 74|0 48|7 49|18 55|
52 55|55 74|14 19|87 72|17 57|48 25|53 62|66 57|24 21|2 82|29 32|0 0|12 16|
99 7|92 15|89 99|99 14|26 68|83 62|21 54|20 72|3 56|63 44|33 58|42 66|59 40|
11 36|48 40|69 21|79 81|31 0|53 25|23 57|69 66|31 75|48 52|91 8|0 17|24 59|
37 15|92 6|33 52|41 27|31 5|7 92|53 18|98 64|81 19|46 13|42 40|36 15|37 6|
49 19|12 32|32 56|28 2|27 23|81 7|15 33|43 48|17 89|91 67|66 46|0 29|10 33|
92 65|50 71|63 35|8 30|35 37|69 27|56 73|53 82|63 40|71 22|89 65|32 35|49 71|
79 41|77 50|36 66|24 70|33 11|6 77|43 65|37 18|96 30|14 90|82 37|27 0|75 47|
12 49|13 59|0 40|3 66|11 40|91 12|57 71|67 44|60 62|98 93|91 39|2 41|3 41|
8 13|71 76|79 4|21 88|42 24|97 64|32 64|72 61|16 20|45 54|72 19|0 8|39 20|
5 7|37 30|18 45|52 14|56 6|54 59|55 41|88 0|63 91|12 22|6 9|0 0|31 19|
41 74|51 41|80 53|25 3|26 73|32 72|77 90|78 38|98 33|64 81|99 64|21 0|22 1|
70 90|28 78|12 8|76 52|82 5|66 78|56 30|35 36|22 83|59 34|57 74|6 0|17 11|
35 9|59 32|80 80|66 53|75 30|29 46|49 62|57 80|21 48|43 22|54 99|0 38|30 0|
94 91|87 65|57 34|99 7|25 27|45 40|49 43|51 80|67 5|43 98|77 27|44 94|46 45|
15 2|43 77|88 26|49 30|37 52|61 73|22 88|1 90|49 75|70 90|41 52|3 89|11 32|
49 56|91 92|7 66|22 12|59 99|53 55|27 17|95 28|83 90|31 50|31 47|11 0|29 18|
97 16|58 92|76 30|27 18|19 97|28 45|2 63|86 22|41 25|24 10|63 98|0 60|5 68|
6 8|80 53|96 59|21 13|8 58|64 12|76 80|77 83|35 60|94 95|24 59|0 2|8 9|
51 94|7 30|98 7|27 48|5 93|84 64|52 41|24 42|55 51|40 75|47 58|0 98|11 33|
35 39|73 62|5 97|87 16|29 24|98 2|93 79|90 7|95 38|8 24|77 57|2 99|10 94|
74 30|70 28|51 54|99 8|4 60|64 6|57 71|61 96|36 70|45 49|68 30|40 44|41 64|
62 60|62 79|63 82|72 34|57 22|54 51|3 13|37 95|39 73|39 29|89 6|0 9|1 10|
67 78|58 33|61 55|56 65|28 75|66 97|85 5|98 30|53 62|47 0|64 83|47 68|48 6|
97 89|23 13|76 53|22 62|72 24|0 76|82 57|23 61|83 45|80 9|36 47|59 39|71 22|
17 97|75 66|84 93|90 71|4 2|96 4|87 98|63 64|66 83|56 85|44 36|8 7|15 16|
19 17|84 32|63 8|45 20|6 0|77 30|29 48|68 69|71 88|57 53|10 71|0 75|36 21|
80 61|91 28|95 77|33 56|65 42|50 55|26 25|81 39|3 89|40 72|5 9|0 91|39 62|
91 57|12 9|63 11|50 40|45 22|66 57|32 72|0 86|32 73|55 40|11 1|2 85|9 32|
60 39|1 44|73 88|90 61|12 90|96 58|86 64|39 51|50 69|25 84|15 47|0 96|13 89|
42 4|83 70|19 66|6 81|82 35|68 49|45 19|46 94|59 67|65 57|62 83|0 83|44 98|
29 56|24 95|94 93|76 50|51 1|55 41|33 82|70 31|1 33|79 34|94 23|23 51|30 85|
25 85|42 55|36 78|6 11|96 47|52 0|80 49|57 10|94 59|29 38|94 75|33 55|92 72|
17 80|93 80|58 59|59 91|75 63|82 0|41 51|54 35|43 68|23 26|7 12|0 4|41 68|
48 80|99 67|32 33|7 13|55 44|89 16|31 30|20 44|70 70|2 48|65 30|7 99|13 43|
65 34|63 22|68 42|88 26|62 39|21 24|52 72|27 90|68 77|4 12|92 21|0 10|21 99|
26 97|84 1|97 33|79 31|60 32|24 98|33 20|40 91|59 96|57 47|30 13|10 0|23 99|
41 89|68 55|79 66|97 66|95 65|44 34|82 36|94 4|84 86|31 3|89 30|27 0|43 31|
79 13|17 98|15 84|50 46|50 58|90 54|60 67|56 44|1 47|32 75|75 58|0 47|17 93|
77 65|4 19|33 88|32 97|75 79|9 69|93 94|95 62|13 29|8 24|16 61|0 62|11 54|
16 81|70 8|68 52|52 27|92 76|3 12|61 18|34 34|48 47|30 37|50 57|0 99|10 47|
99 44|96 45|95 89|83 30|90 74|24 24|86 22|80 24|11 21|92 47|31 29|0 18|18 26|
98 38|2 12|77 0|26 3|36 14|47 44|72 95|58 40|49 17|32 10|50 33|5 13|43 41|
77 24|94 19|41 24|81 75|76 30|3 14|81 61|26 53|7 80|53 61|85 85|0 12|0 83|
81 86|67 23|32 66|19 97|1 19|12 61|0 60|50 57|25 38|41 90|18 57|0 17|29 68|
38 57|63 88|24 1|58 6|12 99|95 85|3 36|87 1|71 87|30 95|31 56|0 35|2 36|
15 63|70 53|1 1|84 66|19 19|23 43|45 68|1 87|81 16|98 66|46 92|14 63|19 42|
89 96|96 9|37 53|44 27|83 90|56 66|0 27|83 94|43 82|90 31|7 97|4 99|34 94|
1 56|1 85|46 89|81 45|93 40|61 12|42 81|18 61|60 17|66 3|53 67|0 86|2 66|
15 84|27 72|26 29|12 30|57 22|52 15|50 0|50 54|30 44|56 63|65 70|0 22|1 99|
63 62|79 0|43 31|59 45|8 16|49 23|61 36|39 97|58 63|14 19|81 71|17 21|34 23|
73 49|56 40|93 19|4 20|70 63|31 64|50 20|71 4|68 11|40 21|12 93|4 99|24 70|
8 30|63 91|21 5|25 35|70 65|73 19|98 8|88 86|34 10|59 68|28 32|9 0|27 31|
16 11|42 58|49 72|56 68|47 60|84 1|68 23|45 62|65 91|49 28|59 30|0 3|9 99|
4 80|82 81|63 45|47 59|96 92|36 58|24 16|89 25|22 68|99 6|44 63|3 0|41 55|
48 4|91 81|48 7|49 68|85 1|50 13|96 96|78 41|59 54|36 58|12 77|0 83|39 83|
1 95|96 72|15 9|39 34|59 56|19 93|59 90|85 52|45 56|85 21|60 99|6 94|34 29|
11 5|34 19|38 34|38 45|51 20|95 7|23 75|43 29|41 48|76 85|56 10|3 0|27 66|
59 4|59 41|55 31|76 99|91 72|2 90|71 63|50 39|6 23|26 82|52 76|0 17|42 77|
61 21|82 6|27 46|39 23|77 80|38 75|95 99|63 40|39 17|15 38|40 70|16 38|18 37|
15 49|10 53|58 71|13 71|38 79|19 30|21 67|19 7|56 94|86 61|44 67|0 49|0 73|
15 27|85 88|34 44|32 50|38 73|26 58|56 65|64 9|7 68|36 86|29 46|23 57|29 47|
47 63|52 50|63 19|97 89|37 40|42 71|32 90|47 53|7 32|92 21|91 71|0 29|39 39|
37 18|44 61|48 57|14 39|30 62|9 71|57 75|2 91|45 50|38 14|13 38|0 26|7 34|
90 86|24 8|83 34|80 36|9 23|31 77|26 84|23 15|17 95|66 43|40 72|0 20|10 23|
56 52|60 89|44 79|8 13|65 80|39 99|84 65|38 49|53 16|45 93|79 68|25 43|42 95|
80 54|41 6|35 35|46 52|51 62|50 20|15 87|43 10|58 19|55 13|97 75|5 99|34 35|
44 79|4 47|96 48|42 18|38 4|69 37|18 42|51 19|29 33|57 27|42 90|13 42|36 11|
28 25|33 90|88 29|29 39|26 45|49 51|70 46|58 72|1 48|83 89|95 99|11 61|21 99|
81 8|14 97|32 53|75 31|30 86|72 68|81 28|10 39|88 80|75 81|2 37|12 99|13 38|
18 87|88 75|5 99|35 56|33 3|33 11|43 52|6 52|18 92|28 24|71 74|0 0|1 1|
98 90|48 39|38 98|84 81|47 64|7 15|0 5|77 19|23 49|1 48|49 26|7 56|10 17|
14 80|76 7|95 99|59 73|58 70|23 32|11 3|13 7|52 71|94 97|15 36|0 25|50 8|
13 35|96 21|1 58|7 49|61 71|43 52|50 57|12 6|75 68|90 34|91 99|0 59|41 48|
9 22|43 90|52 53|49 98|98 82|42 40|9 60|45 12|40 17|44 54|38 84|0 5|0 53|
75 72|4 80|94 62|44 67|40 34|56 16|21 31|63 86|53 55|69 94|55 55|0 0|0 82|
20 11|39 47|59 12|49 14|95 43|15 7|71 82|11 2|34 63|5 83|44 39|0 89|7 80|
79 59|33 9|57 16|20 90|57 34|34 53|92 17|21 50|4 51|92 70|50 15|15 98|23 49|
41 96|67 49|42 34|89 9|75 44|79 22|16 12|4 2|82 15|47 97|77 58|42 35|66 48|
8 21|6 60|68 11|43 35|3 11|34 33|8 63|36 57|62 71|52 26|25 42|0 7|0 52|
41 88|84 7|66 27|58 65|86 3|60 63|54 43|0 41|99 97|83 41|47 52|0 82|1 42|
69 59|56 62|12 5|60 70|43 70|35 53|10 86|75 7|34 78|6 90|96 81|0 94|36 52|
94 14|23 15|38 36|54 32|0 62|42 21|77 34|28 43|15 12|56 12|79 92|0 0|32 42|
38 26|38 3|84 87|48 62|48 55|71 26|26 36|25 51|1 83|55 32|18 41|0 29|13 75|
57 65|12 23|63 65|49 34|97 9|40 86|76 68|91 98|57 31|95 58|87 56|0 14|15 99|
57 14|30 64|52 70|35 37|50 29|9 73|94 19|65 19|5 37|27 65|71 88|0 38|9 36|
47 78|23 31|72 89|51 23|10 11|45 38|27 56|48 46|46 27|18 60|13 75|0 0|1 2|
80 56|60 57|79 22|37 62|34 12|45 28|91 60|80 6|87 52|61 81|71 94|48 30|52 73|
45 46|99 18|26 42|52 55|2 19|9 96|95 76|81 28|39 74|67 73|32 75|5 21|38 50|
41 69|27 51|73 87|85 96|32 80|65 16|11 65|26 38|70 79|58 27|27 44|0 0|21 33|
12 76|72 42|43 74|97 17|61 5|60 26|72 40|50 84|51 76|86 87|76 29|0 80|57 21|
90 91|71 39|83 1|56 99|27 45|11 58|35 51|93 95|77 71|23 7|49 70|18 0|20 3|
60 98|53 5|10 89|44 87|43 72|15 17|73 95|61 52|22 25|38 85|4 99|1 0|5 98|
89 5|51 41|52 27|89 47|3 56|94 82|36 20|25 6|90 23|94 41|34 46|3 0|6 1|
30 97|75 66|71 6|65 15|23 53|32 77|93 68|64 40|8 7|27 70|5 93|7 50|25 86|
24 68|87 74|58 63|91 16|45 2|44 6|64 59|61 51|27 96|33 42|87 59|34 39|58 61|
67 73|99 99|5 77|19 75|95 97|50 2|75 70|81 55|11 76|94 39|51 85|20 73|23 66|
50 63|89 3|67 77|32 87|16 98|90 37|67 67|99 33|63 38|68 91|2 15|15 99|20 56|
80 86|50 58|63 30|48 45|67 72|89 97|10 24|38 19|62 58|97 10|2 74|24 22|29 21|
9 23|69 22|99 99|60 59|84 66|85 4|63 48|59 21|50 19|22 29|26 29|14 25|31 33|
92 0|66 20|76 50|87 82|23 24|5 94|88 50|72 16|89 99|67 75|9 10|0 2|0 96|
96 6|34 38|88 23|81 70|45 98|53 47|47 97|53 83|23 17|95 77|51 84|44 99|52 83|
44 21|26 84|54 61|48 12|57 31|39 51|73 85|86 21|9 13|20 90|29 25|12 99|17 23|
59 78|7 91|19 59|37 38|70 39|5 20|49 54|47 10|50 73|47 53|79 97|0 17|0 94|
24 98|78 52|91 99|68 19|96 51|52 30|67 2|75 86|68 54|38 35|13 12|0 1|41 59|
76 69|74 14|49 53|54 54|51 56|26 4|97 88|52 35|38 45|53 20|6 62|23 0|27 6|
77 17|33 51|54 34|72 93|73 61|73 3|89 30|25 52|32 28|23 20|1 76|0 0|48 25|
15 32|99 4|98 38|63 67|28 67|68 53|96 34|60 49|94 11|66 56|32 96|0 0|13 27|
29 19|89 12|54 23|66 46|31 97|64 77|78 95|79 52|71 18|13 9|71 48|20 12|28 99|
66 67|51 97|70 83|64 26|90 23|30 75|53 84|88 24|58 7|53 90|3 65|32 74|51 26|
24 55|93 86|90 46|86 17|39 7|22 59|95 99|82 24|4 94|29 0|80 73|30 1|78 79|
34 9|85 68|2 78|75 47|22 36|40 19|21 64|11 68|9 11|70 58|88 32|0 5|7 10|
24 37|64 69|80 33|41 68|71 97|36 69|43 57|84 30|24 34|11 78|19 70|0 0|18 77|
27 36|65 11|22 45|45 31|0 35|81 91|40 11|2 6|96 98|62 91|80 1|0 4|1 35|
26 74|65 84|13 38|2 29|89 97|58 11|66 75|20 37|20 85|94 56|65 6|0 28|19 36|
36 99|41 92|59 34|39 70|25 32|33 32|58 70|71 77|28 35|87 31|55 9|30 34|38 96|
63 0|18 94|24 80|57 13|90 75|83 87|57 70|33 63|27 89|94 69|14 78|0 76|19 93|
96 68|57 61|24 24|23 58|45 51|96 2|71 57|61 95|47 68|52 48|40 49|29 58|39 47|
56 81|20 70|31 60|24 75|37 17|39 99|26 52|93 80|62 80|38 92|0 63|1 63|12 62|
15 4|90 78|16 92|49 64|70 52|51 18|91 14|19 10|50 49|9 99|57 60|5 0|51 49|
75 35|96 19|89 23|26 54|67 82|97 85|11 76|55 52|88 81|4 80|13 30|0 7|0 99|
75 3|53 46|68 49|68 30|58 34|52 51|58 12|59 23|29 67|60 29|83 87|0 93|32 63|
91 19|38 8|55 54|9 44|73 34|40 52|28 74|14 39|0 96|87 89|58 72|0 42|1 95|
72 95|83 23|40 92|38 81|23 74|68 93|39 50|65 44|27 15|62 65|5 74|14 70|17 0|
30 42|59 79|47 37|62 57|74 90|13 65|70 58|19 62|74 11|18 38|39 40|16 65|22 62|
94 36|48 67|97 43|69 84|66 38|58 32|6 94|98 17|66 78|35 13|53 25|0 98|16 0|
70 91|1 95|66 65|18 19|1 59|25 49|21 67|71 53|43 61|30 38|21 55|28 36|65 54|
67 48|14 84|72 41|39 38|34 46|87 57|26 0|31 44|34 27|82 35|4 59|0 50|1 52|
75 59|63 0|79 52|21 1|58 14|84 72|78 53|19 82|28 66|37 12|4 92|0 97|5 90|
46 75|0 48|25 91|33 31|57 71|81 17|65 23|62 77|54 38|6 10|21 22|1 48|3 49|
78 33|40 81|41 34|66 46|19 97|94 97|62 73|86 29|19 1|17 68|5 68|8 66|15 69|
80 35|6 30|15 63|9 9|3 85|71 83|24 29|41 51|82 31|68 35|39 25|0 30|59 78|
66 91|8 97|15 5|33 38|3 33|53 90|31 66|5 34|10 35|33 82|74 95|7 99|9 73|
7 0|8 99|95 60|82 55|36 50|18 43|42 24|23 71|44 77|67 48|38 6|13 23|33 46|
52 20|43 65|32 81|88 53|55 25|65 40|86 90|55 73|53 77|50 2|22 84|0 91|41 65|
21 76|21 41|6 98|77 1|42 80|4 40|19 79|56 56|70 43|72 53|93 41|31 99|33 78|
60 55|26 98|22 8|29 81|35 43|12 1|88 45|31 48|37 72|38 79|44 2|23 8|27 7|
26 85|53 20|33 29|55 24|13 33|9 24|50 32|43 32|58 89|20 87|98 31|0 94|27 85|
62 25|59 52|59 43|55 70|25 79|45 62|94 72|57 82|62 44|46 29|13 97|20 0|46 31|
46 24|87 74|11 10|73 51|73 11|77 1|57 98|39 50|63 22|63 47|80 64|23 27|30 37|
36 85|51 10|58 48|53 28|83 76|98 11|9 28|84 30|36 65|42 76|73 31|38 68|39 80|
20 82|45 31|16 3|65 42|87 71|12 70|41 55|73 54|86 21|52 16|60 44|1 99|80 26|
49 45|49 27|85 35|32 94|36 68|26 88|35 58|30 17|65 46|43 29|14 84|0 95|29 0|
55 71|18 39|33 73|61 34|15 39|80 21|24 42|76 81|85 30|62 56|83 4|0 93|3 91|
77 24|54 69|21 25|9 66|44 83|92 7|20 9|41 29|40 60|72 97|19 62|11 0|32 43|
21 79|26 57|63 67|12 87|93 82|72 78|48 58|22 5|38 1|42 64|50 75|0 0|5 6|
26 72|22 13|42 36|54 29|58 11|13 9|97 92|68 4|23 38|37 24|67 32|0 1|27 37|
90 33|79 48|58 9|44 38|3 22|49 47|89 57|41 51|1 82|57 26|50 49|22 32|55 25|
80 83|84 82|35 36|27 30|26 84|32 81|79 10|78 41|75 79|1 8|42 55|17 99|34 52|
76 47|61 44|63 19|36 73|41 48|86 12|14 11|49 23|95 56|56 34|34 24|0 2|42 27|
70 39|98 93|24 16|72 59|93 86|58 68|51 7|55 14|40 87|55 24|96 43|7 0|28 22|
17 78|35 77|84 8|40 53|32 16|43 77|66 97|16 67|31 54|69 15|32 17|0 59|30 54|
82 78|44 82|62 62|56 92|80 18|47 81|52 85|61 75|67 80|35 87|41 57|0 21|8 31|
59 74|74 40|44 48|75 50|32 7|22 39|88 91|72 19|79 65|62 94|35 13|24 36|25 34|
87 60|25 33|67 31|28 85|31 34|8 68|72 40|50 55|12 18|72 28|43 54|0 72|11 64|
74 47|45 0|5 93|53 57|73 15|44 27|99 87|14 55|76 59|18 53|49 11|2 99|6 90|
32 49|9 87|11 21|18 76|3 3|27 58|80 18|59 88|13 16|60 43|42 66|2 99|4 12|
18 20|60 19|29 24|3 97|33 80|17 87|73 74|10 0|12 35|27 31|90 6|0 40|1 41|
6 97|45 69|30 44|46 70|48 56|43 43|72 92|46 29|67 86|32 76|1 43|0 42|31 56|
75 63|90 70|7 38|26 11|2 39|87 80|90 42|99 45|70 50|83 95|69 61|16 0|22 17|
36 42|33 54|83 29|29 93|98 6|95 9|26 77|96 90|78 77|22 69|52 46|0 0|24 71|
99 87|96 58|77 30|10 66|48 38|48 40|29 42|28 66|90 74|1 16|85 26|0 67|4 18|
32 59|85 85|97 99|29 59|2 4|33 56|34 15|79 71|68 30|80 3|8 68|0 1|4 5|
17 26|51 31|2 8|38 66|83 26|10 64|46 58|74 53|10 17|37 46|93 12|0 66|21 62|
26 0|0 76|25 21|32 56|23 31|5 62|15 32|30 38|37 38|97 5|52 99|0 27|11 45|
18 35|74 7|82 93|76 60|19 86|43 67|42 53|50 68|34 80|33 70|65 63|0 94|2 93|
44 50|56 21|54 72|62 43|88 3|85 55|17 33|46 91|94 71|64 55|65 39|0 23|53 29|
22 4|54 37|13 29|33 83|43 31|2 28|24 94|91 13|68 46|74 45|57 32|17 30|20 99|
39 86|87 70|51 34|80 59|44 83|52 73|69 38|42 16|56 42|71 36|73 90|18 99|45 83|
33 65|14 21|95 95|60 45|50 16|45 4|78 14|25 95|85 62|86 66|56 28|0 0|7 9|
39 10|66 87|38 88|29 0|60 80|24 90|88 88|63 11|52 99|84 83|76 9|30 2|42 76|
8 1|8 51|66 11|9 8|60 88|93 4|9 10|46 46|49 58|22 64|21 69|0 44|7 93|
42 53|62 33|98 3|27 51|36 28|47 65|49 55|7 9|81 19|79 15|41 42|0 65|33 28|
63 69|6 4|67 68|51 44|3 99|51 61|44 43|41 69|93 86|72 11|36 82|6 95|10 9|
96 20|36 41|6 33|68 51|62 58|72 72|85 78|26 40|24 69|95 6|11 75|0 81|12 74|
72 45|93 97|72 26|81 9|12 57|81 58|4 66|10 25|67 34|17 28|7 63|44 71|44 72|
52 87|80 69|41 36|15 10|45 93|49 32|75 11|26 23|58 59|56 59|65 86|22 18|36 27|
38 29|62 24|26 26|27 42|23 42|9 89|18 36|14 84|30 71|59 83|7 17|0 5|0 99|
26 28|55 97|70 87|55 89|30 26|97 4|87 93|56 12|5 30|89 15|48 11|0 0|0 31|
53 83|1 81|75 35|78 59|47 40|82 22|55 51|48 88|46 98|51 10|57 45|6 78|19 66|
12 69|74 23|87 42|32 35|37 52|86 21|50 37|17 26|15 28|0 7|9 27|0 78|1 8|
68 66|36 60|27 48|41 31|31 52|98 58|99 89|82 54|50 88|72 68|20 8|0 22|13 0|
53 76|44 64|51 80|77 13|55 26|56 21|99 81|91 78|10 56|13 8|58 69|0 0|1 1|
96 44|69 49|18 36|3 6|66 42|2 71|32 97|60 49|27 86|88 71|19 69|0 1|6 70|
65 78|35 59|50 56|22 6|27 63|70 88|75 41|98 2|39 8|67 44|50 23|13 0|14 1|
93 28|23 1|22 59|30 56|84 52|72 48|59 35|64 98|81 34|78 52|48 35|24 59|29 56|
37 40|9 3|54 40|71 10|52 71|32 41|93 2|50 82|68 7|54 98|82 12|0 0|1 1|
59 51|13 26|44 46|10 86|74 16|54 28|53 1|43 28|91 77|31 35|28 63|15 25|20 39|
31 21|45 49|8 61|56 58|34 14|51 62|49 35|65 36|53 51|87 28|68 79|0 61|25 32|
79 0|97 76|83 98|58 78|2 37|11 47|85 32|67 49|15 91|23 74|76 90|0 36|65 46|
98 97|93 77|63 23|82 0|60 58|35 18|6 87|54 70|79 68|0 11|98 15|64 22|78 62|
71 54|62 14|1 7|75 82|9 38|45 24|20 92|61 9|50 48|76 28|91 19|10 42|46 26|
84 17|51 39|7 56|11 55|67 51|70 92|64 71|49 22|29 21|65 61|12 55|4 0|10 56|
14 54|43 25|52 76|60 41|79 67|59 54|96 87|28 2|86 41|57 84|66 64|0 46|31 7|
24 52|16 90|44 63|23 46|96 87|13 12|45 82|44 36|5 54|88 83|83 15|7 55|10 57|
23 44|0 80|84 80|15 92|65 1|12 39|8 17|17 99|42 57|50 18|61 51|0 3|2 79|
86 26|29 42|34 43|70 93|0 29|33 92|23 76|4 90|33 58|98 14|45 91|0 93|29 59|
20 21|22 25|31 50|8 5|69 17|98 72|17 48|20 94|66 41|80 64|42 35|12 21|18 54|
47 61|5 63|91 96|74 89|98 3|52 83|15 0|34 30|65 73|60 90|57 95|0 61|45 59|
8 34|10 51|53 94|58 67|78 7|3 13|8 76|84 89|49 54|5 20|78 31|41 42|47 56|
12 88|51 57|91 92|36 60|73 13|18 72|53 38|49 62|65 50|75 5|16 2|3 99|13 86|
73 63|57 59|44 34|16 54|75 83|74 12|92 57|25 54|25 8|32 17|56 43|34 17|
62 5|35 63|11 10|62 27|98 73|75 56|30 34|65 50|22 11|22 80|46 27|0 2|
90 19|66 94|85 94|19 12|65 88|60 87|60 92|79 89|56 28|73 91|30 22|0 97|
91 26|38 78|7 10|64 91|71 35|72 9|65 81|66 31|42 46|32 52|66 73|0 85|
91 75|98 29|75 46|48 81|54 73|50 57|69 56|42 1|73 58|51 35|2 89|0 90|
32 89|29 76|45 68|6 82|86 8|69 61|90 8|31 77|15 1|87 89|65 6|12 77|
53 29|10 33|83 1|87 33|84 15|31 15|31 17|5 34|20 1|90 72|94 83|27 41|
70 65|12 19|54 45|18 68|57 60|82 2|43 47|36 65|78 69|39 46|32 85|19 99|
81 64|42 84|80 47|42 88|26 33|80 39|95 26|10 20|30 56|7 13|24 57|0 62|
81 42|97 7|84 79|17 81|63 2|94 92|99 99|74 30|49 61|76 58|93 26|48 62|
50 44|3 86|79 41|55 32|94 5|88 96|79 74|14 78|83 20|37 64|66 16|0 0|
12 26|94 1|25 55|25 71|18 83|6 11|43 38|31 52|36 36|17 44|44 70|0 0|
66 63|63 43|37 15|1 99|18 76|61 10|2 15|65 18|53 37|81 88|48 47|4 95|
66 50|73 71|29 88|0 86|54 84|63 34|98 3|0 94|94 75|73 90|99 92|1 86|
61 79|51 26|27 22|41 67|43 23|9 65|17 16|53 74|83 26|75 4|15 63|0 6|
82 17|60 72|2 52|58 37|34 70|29 6|30 98|97 1|13 40|92 94|35 89|0 53|
49 66|61 56|43 50|80 26|25 20|14 4|71 36|99 68|76 30|26 51|16 70|0 72|
56 24|93 27|62 15|44 18|77 38|39 96|17 7|39 0|96 34|46 80|83 0|54 24|
50 29|88 76|64 70|94 83|66 90|23 52|85 36|47 27|87 4|63 72|43 23|0 42|
95 13|27 34|93 81|29 5|54 31|59 45|42 55|33 74|0 53|80 25|7 53|12 51|
9 79|54 63|53 92|92 33|50 46|38 58|96 61|49 44|91 50|65 6|99 21|11 78|
54 29|43 4|67 56|37 35|35 39|59 12|10 65|61 31|75 12|69 62|25 29|30 30|
97 93|79 98|75 95|84 48|98 2|13 2|72 49|59 39|10 87|39 85|93 93|0 88|
69 64|94 95|18 56|41 20|83 51|31 8|75 68|71 59|57 9|37 47|40 19|0 55|
62 89|65 30|86 46|93 55|8 70|99 10|96 15|48 64|58 24|70 73|51 12|0 72|
18 44|14 63|77 55|53 35|6 78|31 32|50 38|27 3|57 51|31 31|2 49|13 43|
56 49|85 64|94 93|53 75|57 58|2 17|23 39|78 5|67 38|0 89|37 55|4 86|
6 17|38 34|32 60|36 55|62 21|15 52|74 97|42 60|92 90|51 38|6 54|0 10|
47 58|57 39|12 62|79 32|84 30|68 59|98 11|28 42|51 45|32 80|99 81|0 52|
93 9|69 68|2 3|1 70|16 29|76 81|46 51|32 14|40 30|70 52|86 99|0 1|
54 34|30 48|18 36|42 45|18 52|91 38|16 73|58 45|44 25|65 42|1 30|0 84|
26 50|33 40|88 43|44 1|64 44|54 59|20 63|63 98|53 71|36 12|11 14|0 66|
22 25|3 16|53 20|56 55|60 38|45 54|63 80|33 84|86 57|28 92|83 5|1 15|
22 7|82 13|97 7|95 1|31 25|21 32|55 54|87 14|40 9|65 31|84 9|0 39|
48 7|99 87|33 99|34 91|75 86|88 33|82 41|13 41|75 79|35 37|46 27|0 34|
62 81|48 59|32 15|91 96|70 30|12 76|80 27|97 13|25 69|62 29|60 81|0 83|
39 66|38 43|16 74|5 97|33 93|11 0|90 97|84 38|56 43|99 32|40 16|7 78|
40 69|35 21|58 57|28 90|98 43|41 71|67 49|89 50|90 65|4 59|41 31|11 58|
41 37|50 0|0 45|86 32|71 93|70 49|51 19|97 32|78 53|42 8|31 44|39 41|
23 94|37 49|66 3|83 11|91 7|50 75|6 45|66 68|65 19|29 54|61 12|0 48|
63 31|59 84|84 11|3 30|23 42|27 92|75 86|46 85|15 51|41 65|93 95|11 49|
95 16|67 29|58 14|24 14|78 13|85 98|20 0|24 15|62 32|68 66|8 17|0 16|
73 77|10 12|65 32|34 72|57 72|14 93|55 89|51 33|22 89|87 78|28 30|0 0|
42 75|22 55|64 14|65 24|43 66|97 39|76 6|87 43|91 41|25 20|36 98|0 0|
52 67|82 33|8 96|84 73|3 87|52 39|27 65|58 75|50 33|47 67|26 66|4 99|
34 11|30 57|58 50|89 94|66 58|1 60|75 19|49 64|31 8|92 59|82 54|36 12|
78 86|33 52|48 49|50 98|46 30|61 44|88 94|88 55|30 8|17 51|84 89|25 0|
36 98|20 15|30 83|39 54|91 27|52 83|62 63|15 73|77 41|40 61|18 8|15 0|
90 85|42 55|71 90|51 64|41 84|21 89|65 86|92 34|67 67|94 87|0 25|3 99|
66 15|49 93|55 67|48 60|27 91|7 7|60 39|77 47|88 46|16 44|57 41|20 61|
14 76|0 84|43 36|91 12|43 72|19 7|30 69|35 33|25 18|41 73|66 95|3 83|
77 77|22 96|33 96|31 85|38 50|27 54|70 79|61 15|82 78|12 9|56 25|0 0|
76 56|10 43|38 56|16 73|41 61|85 61|12 94|5 29|70 3|45 37|49 35|0 16|
39 74|43 28|82 84|40 4|47 51|73 15|26 93|57 56|5 34|29 44|92 6|22 38|
90 2|16 10|21 75|80 31|98 61|91 35|49 55|66 40|36 32|72 46|89 3|0 0|
39 61|57 34|46 31|90 30|2 93|69 76|62 66|52 67|91 83|43 97|16 18|0 0|
32 40|52 37|15 84|95 98|47 47|54 79|32 6|79 64|96 13|76 84|89 92|26 35|
40 85|83 83|90 53|24 14|61 47|85 26|44 24|7 2|33 90|45 39|83 1|21 99|
99 62|5 57|78 53|53 45|55 33|52 80|12 16|92 62|30 64|48 72|51 34|0 8|
1 98|95 88|37 73|90 69|27 80|85 33|27 6|22 86|93 30|25 15|42 48|0 99|
75 22|18 14|8 75|29 76|53 43|82 90|15 64|82 11|92 99|78 58|60 58|0 81|
80 59|22 62|32 23|1 79|77 30|48 50|7 1|38 1|38 25|77 54|26 13|10 3|
82 10|13 19|20 13|28 61|44 38|66 32|1 93|45 64|2 11|87 5|51 71|0 10|
84 6|59 78|17 46|59 45|70 31|8 83|74 14|21 50|13 78|77 79|47 92|0 30|
72 90|65 82|42 51|11 3|0 84|54 80|4 83|24 66|15 8|88 24|57 57|5 72|
67 78|80 89|60 49|54 59|40 76|72 76|98 30|69 69|49 98|0 86|61 29|50 91|
25 42|53 43|35 39|90 66|87 24|1 43|58 41|48 21|72 37|42 64|22 87|29 41|
67 82|0 32|90 91|8 81|62 70|66 91|89 45|66 65|40 57|50 74|31 70|0 83|
81 45|96 33|89 35|28 34|85 28|93 22|1 74|26 12|54 98|12 7|16 59|0 0|
2 11|54 90|67 30|66 36|51 95|92 81|88 61|51 57|13 20|39 52|81 60|11 19|
21 2|41 75|39 60|90 66|98 56|66 48|39 78|59 35|62 31|94 59|65 55|16 99|
44 78|24 96|35 81|52 90|81 13|6 52|79 19|0 48|69 50|64 29|28 92|22 99|
39 0|76 53|24 92|52 39|23 99|66 63|99 35|49 20|13 91|23 78|50 32|24 78|
39 43|47 13|32 21|44 45|91 0|31 70|28 72|19 11|43 24|76 99|79 10|0 91|
37 6|62 72|20 96|36 74|51 63|99 13|58 65|74 34|54 50|40 38|65 45|0 4|
85 76|69 42|84 2|47 36|92 79|33 72|98 86|2 33|50 21|78 9|81 29|0 32|
27 0|41 49|65 63|34 20|23 90|74 40|44 81|73 69|77 81|92 30|46 68|3 99|
63 74|63 65|98 52|61 27|89 73|28 4|30 94|52 80|57 26|43 19|76 20|23 99|
97 99|38 84|79 88|62 30|36 85|65 25|57 63|31 96|70 9|49 42|76 77|0 0|
26 37|10 95|29 57|11 16|54 45|51 15|73 75|34 56|51 57|23 79|92 54|24 37|
47 27|53 62|31 19|50 5|21 88|87 42|24 77|88 89|19 19|6 9|8 11|0 4|
67 46|99 36|18 85|29 83|48 27|54 57|67 62|43 9|78 36|87 54|65 91|1 99|
1 73|36 49|44 21|55 76|28 58|92 75|24 62|56 86|72 18|48 65|68 25|47 52|
40 79|59 71|43 92|77 37|41 26|30 60|38 71|47 49|3 8|3 29|86 27|33 23|
9 14|51 73|16 19|98 72|69 58|67 59|40 79|75 77|29 95|52 42|26 29|0 7|
27 68|57 21|77 55|7 93|77 66|12 8|50 31|98 44|58 0|59 50|80 74|0 0|
50 70|71 41|3 8|1 97|17 84|68 66|8 93|10 79|5 76|93 67|9 17|4 13|
23 59|96 52|72 42|53 52|44 77|10 98|27 31|77 46|65 1|62 30|7 6|0 0|
64 74|91 66|75 64|73 16|67 85|96 34|12 13|72 30|91 95|72 10|52 38|61 64|
60 12|58 35|57 62|57 25|62 2|61 37|22 4|82 96|30 98|51 60|67 54|18 0|
62 66|90 64|75 62|2 77|48 63|87 17|41 69|57 44|71 41|62 96|64 44|47 63|
32 11|59 5|43 19|46 65|84 84|22 0|69 62|54 59|23 83|90 41|67 26|26 7|
41 37|5 61|36 21|41 65|70 68|48 71|53 61|19 86|33 4|19 82|14 97|0 54|
16 93|40 19|94 14|28 48|37 13|53 64|17 90|94 67|58 50|1 36|98 85|5 37|
20 79|28 1|45 37|97 86|11 33|21 74|78 50|6 98|77 34|44 47|84 67|14 45|
63 57|90 14|98 30|33 38|19 13|29 30|85 3|36 66|65 74|32 95|40 36|38 65|
65 62|99 41|63 82|45 68|76 27|94 41|22 36|25 39|14 82|71 66|48 64|30 38|
76 51|5 22|55 10|93 13|79 57|53 43|98 73|63 51|56 54|26 95|68 30|13 21|
3 29|27 83|28 56|22 40|8 97|49 13|97 98|51 66|27 57|56 62|80 43|0 27|
87 85|63 63|1 8|53 25|1 31|31 47|57 52|28 44|10 87|98 13|29 65|0 99|
50 55|71 70|2 12|19 33|94 69|60 44|24 45|31 97|51 76|83 3|37 38|6 15|
57 20|52 36|91 91|94 46|43 40|50 41|79 62|24 57|76 11|78 3|46 21|0 0|
57 88|80 40|78 45|93 76|99 35|61 94|55 21|34 58|82 64|19 52|58 31|0 45|
99 87|77 29|19 28|58 48|98 42|31 61|50 39|56 37|76 25|84 15|82 58|0 76|
47 50|54 65|49 78|90 26|18 90|37 36|18 2|85 34|91 64|86 62|94 20|6 99|
57 33|15 18|52 67|4 12|36 96|79 36|43 69|38 76|11 45|27 53|89 29|0 40|
89 54|4 50|50 56|48 66|43 52|23 54|76 53|42 74|67 12|42 53|46 35|11 51|
5 58|48 40|34 71|39 59|3 93|56 58|77 67|8 86|30 53|58 61|41 15|0 12|
27 59|16 89|54 96|4 92|21 46|52 53|51 66|70 31|57 78|84 92|24 80|15 89|
13 0|72 10|63 45|13 92|86 83|83 13|79 55|24 81|94 14|62 7|28 61|15 1|
99 92|35 69|34 2|96 53|97 48|15 50|13 81|47 21|79 51|38 32|51 63|0 45|
0 75|4 75|74 50|11 11|85 49|53 76|85 33|87 84|10 47|92 96|40 47|0 0|
57 71|23 34|67 68|83 69|95 17|38 39|47 36|98 52|30 89|95 5|67 51|21 99|
90 16|74 2|79 52|49 22|99 80|49 52|16 0|21 68|77 5|37 4|58 51|17 1|
59 3|91 67|61 10|65 27|76 27|99 26|36 56|43 68|31 96|13 50|73 35|0 47|
56 14|93 49|38 43|76 50|18 65|53 67|72 99|64 29|31 51|42 13|75 9|25 0|
54 66|73 7|59 50|88 89|67 47|69 74|61 41|54 74|37 13|28 97|38 44|29 92|
32 11|65 63|76 14|36 47|44 61|97 6|20 27|10 70|69 92|73 14|28 64|0 0|
15 8|64 78|21 16|72 98|82 75|65 62|58 50|33 70|55 26|32 63|13 78|16 11|
73 32|59 16|45 63|0 93|24 87|75 85|52 34|68 57|84 94|71 59|69 41|18 88|
77 45|24 30|1 45|5 10|20 56|39 29|39 21|54 47|30 63|22 29|24 94|12 51|
96 53|37 28|52 35|49 12|79 39|63 43|30 64|84 0|61 48|30 3|27 79|8 99|
71 18|40 81|66 48|3 10|24 97|72 13|59 82|93 33|49 73|67 93|33 63|0 6|
50 28|98 19|39 8|76 92|80 77|90 99|8 89|59 76|84 58|55 73|23 81|0 92|
81 75|17 17|42 32|19 28|1 84|82 76|40 50|58 22|12 11|61 73|68 0|0 9|
60 44|36 98|68 50|46 2|46 62|70 59|51 32|79 69|30 63|82 12|10 75|42 87|
13 35|0 43|75 72|81 66|18 25|33 78|74 81|45 63|12 5|89 93|35 63|0 83|
44 75|70 44|55 91|26 72|7 86|45 75|28 69|12 76|58 53|48 89|42 41|0 0|
69 70|27 60|37 61|54 72|2 3|57 26|3 86|31 46|10 88|48 58|29 99|0 86|
97 69|13 5|89 7|62 69|94 3|9 87|37 34|72 86|26 77|72 53|90 42|2 91|
84 37|32 49|52 91|17 75|33 55|34 52|74 26|63 43|30 59|74 53|80 5|50 97|
30 82|30 31|93 44|32 39|75 44|32 59|49 66|44 12|63 49|52 29|6 15|22 29|
58 57|7 45|47 45|68 79|77 87|30 51|7 59|39 58|93 57|28 5|69 65|11 58|
58 40|55 16|1 85|81 42|56 4|97 52|45 56|6 8|62 0|16 27|28 55|0 0|
46 54|17 14|59 42|28 73|57 5|59 3|32 26|80 57|34 95|88 57|14 69|0 76|
63 35|22 21|46 51|72 29|58 50|90 0|81 79|11 10|66 74|29 74|0 1|10 10|
5 14|93 13|18 24|1 96|35 97|20 34|58 37|26 78|55 27|83 93|1 10|0 97|
48 24|9 25|11 90|55 72|59 98|34 92|0 20|57 4|20 43|42 93|84 62|0 90|
52 24|28 26|56 47|73 55|32 26|66 74|95 70|81 0|8 12|21 97|84 47|18 99|
76 52|15 15|68 73|76 88|79 82|34 30|43 35|99 35|20 86|40 50|72 76|0 86|
75 19|44 62|13 34|58 73|33 61|46 50|38 55|15 61|0 71|7 22|52 47|0 9|
42 56|10 99|98 28|42 43|51 25|77 67|13 49|16 66|56 1|81 75|89 41|11 94|
71 73|40 33|98 2|83 12|40 56|54 20|50 16|2 19|66 27|0 37|64 26|0 18|
74 78|31 59|38 47|57 91|84 52|88 49|55 95|94 91|58 80|51 81|14 48|0 32|
95 28|65 14|6 8|45 12|55 4|47 19|25 51|6 76|60 11|37 40|84 98|0 0|
1 40|93 98|60 78|73 78|8 97|67 54|6 40|45 32|66 54|73 51|49 82|11 39|
27 37|83 19|13 38|70 93|86 11|57 61|60 54|29 60|16 74|93 68|2 86|0 21|
67 24|46 52|63 59|37 99|71 90|74 16|14 20|19 29|62 81|30 50|37 63|0 0|
65 18|89 30|13 86|35 67|98 25|74 31|78 62|57 32|49 58|96 80|42 37|0 0|
54 35|74 48|28 32|79 8|83 30|58 42|87 49|0 86|39 44|3 15|41 64|1 85|
74 41|26 88|3 66|64 48|38 64|95 85|16 58|87 36|22 29|62 86|88 85|0 0|
55 18|18 86|25 26|89 56|96 54|82 60|27 66|55 20|63 2|70 69|26 81|0 0|
83 57|95 1|27 48|18 19|87 13|25 31|9 83|64 28|1 14|56 43|58 75|40 59|
26 12|8 74|41 16|78 19|42 87|15 62|9 16|33 8|18 59|22 49|75 24|0 6|
83 84|72 75|40 81|81 32|26 21|41 96|19 91|48 29|32 66|5 3|50 54|2 0|
91 48|54 52|60 62|98 84|44 63|43 95|4 73|69 79|45 0|33 67|69 56|27 68|
7 79|68 22|65 51|2 2|84 95|88 10|69 41|43 55|49 19|77 79|42 57|0 0|
4 88|78 2|94 42|38 51|84 77|0 7|7 48|84 62|38 41|86 27|7 44|0 90|
54 58|18 23|77 95|65 44|34 53|39 65|3 3|57 52|34 46|76 34|3 56|0 97|
12 58|41 33|23 13|26 53|33 60|52 92|20 5|98 98|48 55|64 93|84 47|0 57|
36 85|39 35|54 74|11 11|21 61|32 65|98 62|38 29|91 58|56 36|84 17|0 0|
51 56|62 83|9 6|85 93|80 65|37 62|43 65|19 23|85 43|5 54|81 51|0 57|
63 32|20 3|75 36|4 57|87 29|25 67|52 59|25 58|53 82|59 37|11 56|0 58|
47 47|11 22|17 46|54 89|45 72|82 40|13 89|5 95|69 29|1 15|94 0|0 99|
59 12|77 49|10 38|76 36|87 81|68 48|58 40|77 14|65 89|82 4|66 38|57 0|
0 77|33 69|25 69|32 18|21 88|15 54|41 83|60 15|64 10|18 94|30 24|1 77|
47 69|64 36|2 13|48 44|49 48|14 65|30 43|67 78|46 34|65 13|74 2|0 79|
95 75|77 77|72 64|57 64|83 79|81 78|8 90|3 21|69 97|25 35|40 59|0 19|
13 80|98 78|70 3|83 63|9 38|27 39|37 50|35 30|67 18|7 89|67 17|0 0|
84 58|60 1|37 33|68 44|51 8|52 54|49 28|7 37|58 9|40 93|52 11|39 63|
24 36|71 40|96 13|1 27|58 65|94 63|61 62|67 11|72 46|99 13|70 60|4 28|
71 24|49 19|40 95|93 30|92 77|76 4|69 73|94 79|35 10|56 72|19 6|0 0|
51 34|91 60|96 17|19 19|43 84|53 33|93 78|71 8|62 42|65 70|69 24|37 98|
23 72|25 13|60 35|56 76|35 55|47 94|15 78|59 75|81 1|45 84|74 91|5 0|
15 21|62 68|54 34|88 90|69 25|96 0|86 88|4 18|61 26|29 74|42 56|8 21|
18 25|98 14|11 97|71 86|71 39|69 27|12 95|86 2|2 11|50 67|19 56|16 57|
7 5|23 54|39 97|89 19|31 27|2 93|16 18|35 43|30 33|64 35|12 55|3 0|
48 97|76 32|20 43|41 80|81 58|77 2|99 77|2 14|14 27|5 93|7 91|0 0|
85 93|84 13|81 75|27 47|78 47|28 5|23 61|86 26|9 81|1 87|84 83|74 21|
56 17|49 23|69 5|69 63|56 57|91 69|34 28|17 54|1 36|36 50|8 82|0 40|
84 78|53 70|42 97|93 1|95 57|49 85|80 47|74 34|39 71|93 80|23 65|0 57|
97 97|43 45|3 83|18 7|5 14|23 1|49 49|42 43|11 55|81 19|69 20|0 10|
25 83|71 44|5 90|82 97|90 75|62 1|40 48|86 80|8 20|21 44|97 73|0 14|
60 81|85 89|70 51|83 85|90 91|18 95|17 26|58 95|98 13|43 50|74 47|28 94|
82 88|17 91|12 95|37 44|45 59|26 43|35 46|32 5|35 82|39 65|46 95|27 44|
83 13|60 50|5 29|16 50|92 0|22 99|33 19|32 1|78 95|33 35|51 74|14 46|
69 87|24 76|65 54|40 65|56 50|56 66|14 27|94 24|16 89|6 43|60 84|0 7|
89 2|51 0|47 73|78 68|65 33|4 66|66 26|67 67|34 69|98 86|48 89|15 67|
8 17|91 77|95 17|28 67|40 47|8 78|76 24|54 27|56 65|57 11|87 64|25 31|
69 70|49 49|98 87|21 82|0 99|9 92|23 0|51 88|57 81|68 86|81 45|11 91|
62 45|69 18|50 90|25 44|55 52|97 74|56 27|25 20|7 95|15 4|76 77|3 99|
96 44|75 4|2 60|25 45|78 10|35 22|64 52|84 68|23 23|11 15|66 58|0 62|
18 77|63 21|87 87|25 60|4 95|22 61|63 77|41 39|1 72|41 35|43 75|4 71|
22 71|53 57|86 76|45 71|29 38|95 88|18 42|73 14|47 76|5 89|7 36|0 30|
50 60|5 63|40 87|74 89|35 62|93 30|97 76|63 70|98 93|99 20|27 99|37 63|
7 81|99 31|50 72|34 70|25 23|21 8|56 88|59 71|44 77|74 48|30 96|16 80|
2 68|83 73|11 65|6 13|93 78|24 26|6 32|52 14|87 76|22 30|29 24|0 69|
52 82|81 84|10 61|48 54|49 39|94 26|72 49|31 99|62 82|48 35|31 87|0 63|
12 67|86 15|68 75|36 29|28 61|57 77|33 94|51 36|45 57|97 71|37 61|0 0|
4 42|24 11|78 76|61 5|57 12|11 56|11 57|4 75|98 98|3 83|64 48|0 35|
