90 51|24 85|44 22|46 67|75 41|93 95|89 89|74 40|18 91|37 16|48 58|86 19|37 63|19 0|71 35|
1 11|94 52|43 65|43 63|87 81|62 59|69 63|72 72|30 29|30 81|71 45|58 12|79 76|19 25|27 28|
82 99|7 49|86 38|57 48|96 17|29 45|64 70|20 69|16 50|2 82|27 66|73 92|75 48|0 83|17 75|
21 80|34 78|94 82|14 15|62 93|67 22|4 90|3 2|48 64|73 71|45 23|16 20|68 20|36 79|60 57|
14 87|3 4|88 59|77 37|69 92|93 60|52 31|85 1|1 93|28 24|69 97|44 60|82 64|6 90|34 59|
77 13|49 52|50 90|74 19|47 88|42 87|8 89|23 9|13 82|96 92|85 80|69 80|52 57|0 97|28 25|
55 63|75 69|54 66|15 15|0 40|76 94|59 54|16 20|76 10|41 41|69 15|20 46|17 45|1 0|46 41|
21 83|36 49|33 33|21 45|64 68|67 4|1 29|49 28|12 90|33 75|25 49|32 39|87 91|23 46|57 60|
32 79|26 89|18 97|54 67|86 24|46 22|97 3|88 19|63 90|74 75|20 20|60 56|14 6|55 69|86 91|
3 52|26 44|72 75|19 80|10 81|25 71|83 82|46 14|18 47|31 70|82 45|58 50|66 49|0 87|7 51|
80 28|41 72|80 73|7 29|71 71|60 40|65 41|13 16|11 24|1 3|99 19|48 42|0 96|0 2|7 90|
60 41|63 55|41 49|39 41|86 93|54 76|27 86|21 93|46 57|29 5|60 30|74 12|30 35|16 99|30 32|
88 64|50 90|97 68|28 18|59 56|68 63|77 10|8 64|18 66|51 34|72 20|14 5|31 73|0 63|29 33|
52 23|63 20|42 79|48 23|30 33|44 61|70 31|40 37|75 31|9 27|94 6|98 38|35 5|49 14|51 15|
55 22|5 52|70 39|8 50|47 4|26 30|47 60|36 30|4 22|43 35|27 31|80 99|42 58|35 29|53 18|
70 52|25 78|1 17|42 53|78 13|84 1|11 96|66 21|19 59|39 46|76 68|97 86|45 33|14 92|16 50|
40 53|43 43|28 32|72 35|55 34|18 19|42 43|18 47|79 34|79 97|42 51|60 69|21 47|41 51|50 52|
37 10|25 33|85 68|53 73|51 73|66 75|57 47|12 74|8 14|98 75|33 26|74 88|81 95|0 6|27 34|
70 93|79 87|71 10|68 89|1 83|99 92|40 38|10 81|60 36|2 18|71 87|19 34|13 26|36 76|39 35|
85 83|60 68|81 12|63 71|35 0|50 11|96 8|7 63|74 76|53 98|37 79|27 70|69 14|0 61|49 61|
39 55|52 61|86 86|75 77|60 35|31 21|70 70|47 30|24 39|37 38|14 36|39 40|13 72|28 42|40 27|
1 0|62 39|85 93|52 92|76 48|90 9|7 91|55 19|71 49|48 67|47 65|72 17|40 68|85 15|86 94|
71 16|20 38|79 4|36 98|49 19|97 52|0 16|47 49|45 36|3 19|51 41|47 47|68 42|44 37|57 38|
76 50|61 51|29 81|18 97|18 44|91 35|28 71|84 90|28 84|55 59|97 99|37 43|48 47|54 59|67 79|
90 78|5 8|56 40|6 79|98 36|46 39|53 42|95 96|54 62|82 19|62 51|41 59|24 69|55 55|89 72|
4 44|59 31|22 74|58 5|21 59|17 90|97 78|63 87|49 55|71 69|62 70|18 52|73 96|44 49|49 77|
81 49|80 34|32 65|16 33|75 97|4 79|41 70|89 58|32 41|84 26|96 63|40 51|55 80|0 14|1 15|
9 27|57 11|10 30|47 61|60 0|95 61|69 35|26 39|22 78|23 71|37 76|38 78|72 39|0 1|22 32|
75 18|5 87|35 31|51 57|64 62|46 4|81 7|17 69|62 38|69 39|58 45|11 79|61 97|48 63|59 48|
29 40|19 96|43 18|57 70|39 43|85 60|60 36|28 89|88 39|4 27|44 27|48 74|33 40|28 39|45 28|
29 23|98 94|15 2|62 66|36 95|79 71|6 20|86 42|16 23|34 61|91 39|57 37|37 71|20 24|50 49|
14 7|2 76|75 95|54 40|97 25|70 61|64 62|33 25|69 86|29 40|55 67|91 78|18 73|7 0|52 35|
77 8|84 9|21 25|38 44|49 35|22 82|25 80|85 8|9 94|86 94|67 2|94 0|82 76|38 20|66 6|
10 40|9 20|14 51|20 39|54 43|95 59|25 40|22 19|59 11|61 46|1 37|13 42|9 95|11 20|26 41|
60 58|72 53|34 23|34 71|90 98|36 63|51 56|60 76|72 37|76 87|20 96|85 34|14 4|11 0|59 59|
18 89|46 36|29 84|46 69|83 62|99 54|85 93|31 81|81 89|43 65|18 0|80 74|21 5|2 99|19 62|
49 64|34 71|81 55|65 64|32 30|29 72|10 77|94 60|63 61|34 46|21 13|52 83|51 55|35 71|60 56|
62 44|48 19|88 16|82 73|91 80|30 0|34 43|76 28|31 33|12 26|45 16|34 44|4 68|0 72|23 34|
35 46|44 53|28 64|31 73|4 49|2 1|63 40|18 40|33 96|87 24|34 42|18 43|31 54|9 48|26 48|
24 59|1 60|37 88|16 52|63 92|29 33|29 21|41 51|23 13|20 54|43 55|39 33|71 31|14 0|28 30|
52 50|39 86|35 45|64 30|56 6|98 97|33 99|18 31|85 88|95 52|78 65|57 69|79 62|29 40|40 43|
91 96|20 7|58 28|63 7|95 48|45 87|76 87|61 20|16 5|31 92|26 14|83 91|75 34|7 0|62 22|
37 63|97 30|92 34|36 17|98 90|5 6|90 12|99 92|11 13|29 85|96 79|81 21|55 65|11 99|33 84|
62 63|24 70|46 57|64 51|63 26|81 1|49 52|46 48|24 53|66 75|67 20|21 75|10 10|0 98|70 19|
68 96|74 61|52 57|25 7|1 98|27 70|50 59|32 53|35 34|41 73|87 42|99 30|63 87|24 86|28 82|
60 5|18 77|60 36|49 61|45 14|68 38|52 91|53 13|53 66|74 44|57 10|90 51|37 65|0 0|57 35|
98 96|92 5|12 98|22 40|7 35|22 57|62 47|69 60|70 27|27 29|35 42|58 59|21 64|28 30|32 33|
30 33|15 88|32 4|55 59|57 80|22 68|23 63|12 22|61 94|31 35|21 39|70 4|62 28|12 98|16 80|
6 92|28 79|65 10|55 61|97 97|83 47|19 19|78 0|14 15|47 66|33 26|67 56|62 74|8 90|11 86|
25 23|13 68|81 69|82 64|5 69|77 23|93 53|83 77|37 29|64 39|86 14|15 7|31 50|0 70|23 52|
21 55|99 18|62 48|27 18|85 25|5 79|93 20|71 0|67 9|61 81|28 39|29 25|61 16|56 22|65 7|
51 74|49 68|86 79|1 3|73 46|1 88|96 92|47 66|15 53|88 5|44 47|88 82|18 23|0 90|45 48|
52 52|80 34|88 94|63 31|1 83|99 23|90 99|32 69|50 52|75 34|65 21|50 62|78 61|35 51|47 46|
12 11|3 6|94 23|57 30|71 38|46 34|30 55|16 67|82 11|35 34|36 13|81 54|72 41|24 60|34 13|
57 64|39 39|56 20|62 53|92 88|61 64|73 33|97 11|96 97|54 39|55 35|24 80|8 20|43 43|83 66|
18 71|56 7|47 45|46 33|53 22|55 95|58 63|61 58|5 32|57 65|1 98|86 39|15 40|0 29|44 27|
53 92|99 90|67 64|84 44|59 40|85 70|57 59|72 46|46 56|2 13|51 99|56 80|84 22|65 47|66 63|
84 36|1 38|24 66|18 74|97 9|62 71|69 80|19 73|81 43|91 61|66 61|16 51|63 58|60 54|60 70|
53 3|66 52|27 5|87 53|48 12|57 39|78 95|52 8|34 13|30 95|54 44|20 99|55 86|22 98|62 52|
62 83|55 22|75 93|54 14|93 42|22 68|10 70|2 58|21 70|26 71|75 46|5 59|67 46|12 61|55 77|
7 27|29 30|98 2|62 82|64 56|95 96|84 28|67 55|65 88|79 50|31 30|58 87|53 97|63 81|85 25|
61 22|81 95|52 88|8 39|48 48|16 38|95 27|77 27|57 4|44 48|60 18|29 51|50 64|10 39|31 54|
55 75|75 82|13 39|26 32|29 22|55 32|89 24|37 69|7 37|32 25|20 6|98 98|4 78|15 40|27 33|
43 67|24 81|12 94|93 33|32 16|56 72|23 10|57 62|33 71|56 29|66 82|77 19|87 32|44 66|81 30|
2 62|21 28|32 42|13 62|13 22|55 25|79 4|86 79|78 69|7 15|71 57|29 72|56 97|0 7|7 61|
69 14|30 83|69 44|51 63|57 97|57 81|43 30|48 69|24 93|25 24|53 26|71 12|95 44|34 76|58 76|
50 8|45 21|55 24|60 50|4 0|35 19|90 69|31 44|35 6|4 75|87 6|95 0|82 60|46 20|53 27|
54 38|83 15|42 52|20 44|27 91|69 52|24 38|76 30|3 60|16 27|80 20|90 54|35 71|13 51|31 62|
2 33|48 18|79 80|43 41|91 7|43 37|31 11|33 40|96 4|34 42|66 63|32 71|46 18|32 39|40 32|
9 94|95 33|22 91|35 76|16 91|17 25|9 10|77 75|20 45|66 58|81 45|45 64|28 96|0 98|39 86|
15 47|42 24|61 48|53 65|13 36|2 86|13 78|69 85|9 27|58 47|37 33|58 71|98 54|26 0|50 55|
5 3|98 40|40 45|50 94|50 79|68 64|18 73|23 71|34 61|61 35|98 8|59 36|63 58|51 81|62 59|
65 44|94 62|95 19|31 79|5 16|34 20|87 19|38 50|42 1|95 65|7 18|37 72|96 66|35 18|61 40|
16 28|67 87|54 74|18 82|47 44|75 52|53 74|79 58|28 33|76 59|76 32|92 61|60 76|32 39|73 34|
10 88|82 7|16 2|57 88|74 30|37 28|28 72|68 60|75 56|60 96|39 78|62 40|41 53|62 39|73 57|
22 41|20 72|23 10|4 33|31 18|82 86|49 13|57 59|24 13|85 2|16 36|9 38|33 64|0 30|0 85|
9 40|40 96|21 9|19 64|9 77|33 23|71 24|55 24|25 68|22 2|2 31|33 78|0 28|16 73|25 69|
38 56|20 77|93 46|44 59|77 38|3 0|2 79|83 96|92 46|71 78|98 19|24 16|10 10|16 77|38 17|
11 65|41 20|16 61|55 77|92 95|17 60|54 41|65 21|33 9|48 25|30 4|39 53|0 74|12 64|27 63|
18 5|18 71|66 56|38 50|29 3|92 79|95 10|30 0|25 66|64 28|63 55|4 3|0 0|54 37|60 42|
82 19|60 36|94 39|23 1|73 68|78 60|72 90|29 68|66 24|34 31|85 8|11 73|0 82|2 81|69 75|
66 41|13 78|67 45|26 61|82 4|72 50|69 9|2 46|70 15|89 85|6 48|20 69|53 19|68 0|70 45|
69 51|88 30|13 21|36 61|37 50|95 81|3 80|42 57|99 36|43 48|85 71|91 13|6 78|10 75|86 28|
63 32|76 2|29 2|84 99|87 23|79 48|95 23|91 26|55 34|73 11|30 84|77 71|44 72|48 69|56 12|
79 5|84 81|67 21|96 96|49 96|56 69|60 24|66 68|13 32|52 9|85 83|50 30|48 1|51 20|63 58|
90 51|29 71|21 35|28 65|46 7|33 64|67 39|66 78|66 88|48 26|14 24|80 46|0 3|15 25|67 90|
78 2|43 49|85 93|2 94|96 3|67 48|72 70|57 46|31 67|48 17|3 34|86 12|41 20|56 48|57 13|
67 70|26 20|31 40|66 67|6 3|23 12|38 53|69 52|24 80|87 25|33 30|90 98|9 7|17 43|20 57|
66 66|98 80|96 79|68 41|35 6|4 37|19 43|56 38|55 39|97 4|43 67|55 64|25 30|28 23|70 38|
41 24|1 11|9 46|38 43|53 66|66 11|54 70|80 77|67 1|8 77|94 98|56 18|0 87|5 81|85 87|
17 92|43 26|38 50|86 12|44 54|73 17|20 49|76 64|20 61|4 42|4 8|55 57|0 41|5 37|41 51|
75 18|20 57|2 59|69 29|96 97|71 45|90 21|80 27|57 37|90 2|22 83|69 58|2 99|3 98|14 56|
28 9|30 21|84 72|94 97|59 17|16 0|59 10|29 49|93 29|90 92|77 29|8 52|0 54|21 7|29 21|
49 12|17 0|62 73|30 44|55 62|13 74|47 52|29 16|80 59|20 65|30 17|65 40|43 0|47 51|52 55|
52 23|35 97|4 13|31 58|42 60|48 46|54 45|31 56|26 76|94 34|53 21|43 65|4 99|36 92|41 63|
60 80|67 49|91 98|19 24|52 17|80 52|95 1|9 21|58 53|49 75|52 53|31 72|0 15|0 67|69 50|
24 32|49 57|1 66|18 3|96 6|88 98|17 53|24 6|35 45|77 14|27 42|46 53|10 33|13 0|22 33|
90 37|58 52|28 43|86 24|3 35|34 44|99 10|46 53|50 81|18 93|63 97|37 78|12 99|39 54|78 37|
39 42|16 95|31 75|43 44|80 54|78 7|48 77|68 97|73 37|34 23|74 27|97 66|0 0|26 77|42 43|
94 96|34 4|55 9|77 30|62 59|58 47|16 78|32 2|97 11|84 78|32 50|88 24|0 91|36 5|60 34|
71 24|55 55|40 25|35 99|82 53|62 45|39 41|66 29|18 30|83 5|34 90|6 25|23 29|36 24|64 46|
74 8|17 9|24 10|34 40|23 23|3 3|19 28|81 45|1 26|12 39|89 47|61 12|3 25|44 41|56 14|
27 5|29 14|19 51|24 82|51 50|72 42|45 67|59 67|99 37|35 45|83 70|15 52|1 99|18 51|22 40|
25 59|87 84|43 63|98 37|89 58|80 72|26 94|36 84|2 51|92 50|99 66|37 82|45 80|75 82|89 57|
47 45|54 55|34 61|77 77|65 28|57 39|21 60|14 2|46 42|71 91|37 38|48 64|16 5|44 62|52 54|
60 30|12 40|99 39|35 92|67 79|7 39|48 3|80 37|32 58|24 40|64 75|31 96|28 56|29 99|43 21|
51 94|44 69|48 29|48 81|1 6|68 78|53 8|22 52|61 72|37 45|94 88|13 96|13 31|17 40|42 71|
58 14|14 21|37 50|77 54|76 0|23 31|86 68|56 22|84 43|74 3|7 66|80 41|0 6|20 53|77 45|
16 71|60 65|25 65|8 15|61 18|58 28|19 18|96 72|17 99|5 6|32 35|25 76|0 1|20 63|58 22|
80 37|16 69|99 99|79 58|22 44|13 8|89 27|19 61|81 73|57 12|1 91|54 3|8 80|18 45|18 62|
75 18|96 10|26 68|25 40|85 64|96 71|26 48|8 41|8 88|64 19|68 48|55 19|0 0|4 40|28 47|
36 52|51 62|63 97|49 30|57 30|28 37|92 6|58 73|14 25|76 19|54 19|44 68|17 25|48 32|62 94|
16 30|4 55|22 83|76 41|42 34|48 31|3 5|32 60|30 52|34 36|12 53|47 39|7 12|31 51|33 58|
63 46|93 67|18 85|16 89|10 97|90 99|34 26|53 12|41 21|68 89|87 72|86 92|0 0|1 1|57 61|
67 20|84 94|83 31|73 91|20 49|16 78|76 53|25 51|78 0|90 22|74 13|1 51|0 90|1 89|78 28|
9 32|8 93|16 85|2 22|12 47|54 7|59 49|55 74|51 22|4 98|34 39|76 30|30 36|46 64|50 14|
85 85|62 23|3 58|53 66|18 90|71 47|49 51|14 94|67 51|39 60|10 99|76 1|9 70|14 81|40 50|
31 17|22 59|17 89|41 12|16 68|65 80|2 9|8 92|24 19|39 56|98 96|31 65|0 7|0 95|23 57|
24 78|3 93|27 24|98 34|95 94|48 57|94 54|77 50|74 34|82 66|37 29|32 28|20 80|49 57|75 49|
14 57|45 65|50 30|95 12|38 7|37 25|15 3|18 34|36 45|18 40|56 98|61 23|0 65|30 31|36 22|
52 63|90 76|32 85|69 69|25 68|56 59|95 62|41 70|5 95|45 76|92 10|94 82|36 84|49 75|88 72|
78 97|7 36|29 32|79 62|40 22|37 64|22 87|90 7|49 12|13 38|82 41|76 87|7 99|8 98|23 84|
15 41|8 26|31 12|74 65|20 0|97 30|86 77|18 70|89 33|84 38|35 36|53 24|14 38|16 45|31 9|
1 59|19 43|83 34|90 1|41 9|18 33|86 58|87 62|13 45|17 27|94 84|1 23|7 26|19 33|30 22|
58 60|55 47|81 39|65 64|99 56|39 61|65 98|83 45|84 25|0 19|18 29|35 63|28 43|54 82|79 32|
53 33|33 27|30 23|94 23|47 36|26 46|27 32|16 77|44 97|4 76|18 11|40 34|18 78|21 80|41 33|
63 76|77 64|92 79|30 50|29 2|74 22|62 68|55 51|83 8|71 36|3 92|54 47|30 5|31 9|43 18|
32 54|76 23|6 99|50 70|33 34|90 6|35 98|2 1|53 48|35 41|77 36|84 42|46 76|50 52|54 46|
98 50|87 46|39 35|18 18|90 13|29 61|78 24|31 52|28 21|14 8|15 29|43 39|0 26|17 28|28 46|
94 62|55 16|97 75|15 23|19 69|38 65|84 66|31 25|5 93|52 51|57 7|3 17|0 98|37 68|83 67|
72 73|22 5|60 5|41 64|75 60|9 79|90 26|2 87|76 92|42 62|78 49|47 41|0 89|10 77|39 51|
49 43|94 41|45 21|56 81|18 68|57 43|48 52|80 44|34 4|50 23|75 29|92 14|35 55|47 51|73 31|
9 49|11 49|52 70|91 21|58 28|19 99|31 69|25 43|51 87|63 52|81 27|59 10|20 97|22 76|56 17|
4 71|50 40|43 78|97 23|61 87|32 85|39 16|54 75|1 72|65 29|36 1|39 31|33 26|38 13|45 77|
18 60|8 15|94 47|12 95|5 4|95 10|28 37|80 38|11 34|84 24|15 87|30 49|8 34|11 29|26 42|
41 86|98 29|64 47|33 37|9 78|73 0|58 92|62 11|70 42|62 22|23 28|30 38|0 8|0 84|24 28|
29 79|41 53|24 50|29 12|75 65|4 94|32 65|98 71|52 1|77 67|57 41|31 72|0 99|5 92|37 31|
73 87|94 89|67 40|97 5|53 59|62 49|93 76|47 53|50 55|19 45|77 76|2 37|22 47|26 50|63 50|
41 37|27 60|3 56|30 74|11 93|66 59|71 76|91 93|63 40|34 72|55 7|44 40|11 53|21 61|66 39|
7 99|45 62|87 58|84 35|85 45|49 59|54 43|93 74|58 22|85 6|47 21|78 3|0 0|53 44|55 24|
39 95|21 29|48 51|47 25|93 51|80 50|60 38|45 57|20 27|15 55|20 34|50 7|0 0|43 27|46 59|
36 46|95 94|39 99|39 39|4 33|47 72|95 59|34 27|42 54|63 58|68 70|40 40|18 39|30 52|38 73|
99 33|64 51|93 29|89 69|61 59|30 34|60 46|17 26|96 14|28 58|26 71|89 75|0 16|88 24|88 25|
59 2|97 16|0 92|80 61|19 16|30 59|98 93|31 20|74 17|8 5|13 78|23 61|15 77|39 15|74 48|
88 68|14 0|19 93|9 98|71 29|40 46|83 83|48 87|59 62|73 58|80 96|60 57|36 30|72 52|81 90|
19 12|39 29|71 34|44 35|52 60|95 31|35 68|95 75|76 9|43 64|89 29|75 13|0 86|66 20|72 35|
42 26|8 61|36 53|81 64|92 85|87 4|21 1|69 63|78 32|1 86|94 0|27 7|0 87|2 83|28 9|
60 38|50 33|45 67|14 3|40 33|32 85|85 14|71 67|97 98|93 4|56 21|39 14|34 80|49 34|57 43|
99 26|57 74|55 58|52 44|56 60|69 26|27 60|5 16|55 71|60 96|52 5|61 24|0 7|0 78|11 27|
30 67|20 30|81 42|40 42|9 71|70 90|23 7|98 14|94 17|84 35|30 76|42 36|0 73|4 72|19 0|
14 12|3 96|86 37|9 88|55 8|29 47|85 81|75 60|61 18|97 34|27 40|59 28|51 0|58 24|70 48|
73 60|20 14|36 51|94 31|98 16|96 50|92 96|49 54|0 98|40 73|93 36|6 3|3 0|4 95|66 70|
99 49|66 77|10 17|3 55|63 97|33 44|89 52|27 50|96 1|26 35|59 34|70 69|0 57|7 52|27 35|
5 34|27 92|76 68|62 62|34 58|48 84|32 90|71 82|67 46|76 89|45 73|80 11|23 51|42 72|63 63|
95 15|90 78|49 31|65 57|9 39|2 3|28 23|85 75|76 24|31 50|54 63|79 82|0 41|30 50|53 64|
6 91|75 52|14 32|72 73|44 59|12 82|12 2|48 44|9 31|94 0|45 53|27 30|0 97|21 33|76 46|
9 78|5 84|47 65|54 17|64 33|55 73|62 88|89 5|14 55|11 37|2 1|70 31|36 35|46 4|47 63|
37 52|16 98|20 38|79 21|41 92|26 93|32 62|72 29|93 98|4 99|15 99|5 2|8 94|14 67|87 12|
87 3|4 51|6 91|27 67|61 27|21 65|50 38|90 91|33 39|13 3|35 38|43 42|35 70|37 35|45 39|
14 24|1 27|1 98|56 72|20 38|94 22|3 12|73 80|52 26|44 51|39 47|43 78|8 31|45 26|57 72|
44 58|83 72|1 36|91 13|49 81|90 90|53 85|50 99|11 89|3 43|81 39|79 47|0 33|0 92|47 95|
34 68|75 24|94 95|93 26|35 20|23 6|42 27|73 73|86 85|24 82|60 44|79 25|0 0|26 19|48 15|
74 46|33 69|90 6|69 35|32 78|0 47|66 16|44 25|92 55|70 35|24 15|31 82|1 47|73 46|83 9|
31 48|60 62|56 80|77 54|15 42|18 47|35 50|1 35|21 74|12 78|45 29|43 37|0 93|33 75|43 38|
9 43|97 1|76 55|70 14|51 21|96 53|45 99|48 21|84 49|50 15|56 83|79 9|0 42|3 42|45 23|
0 22|48 41|71 51|37 45|51 2|46 13|33 24|53 21|82 38|66 47|96 33|22 24|0 59|38 42|72 42|
73 34|75 81|64 18|65 16|93 97|76 77|89 52|75 92|74 64|92 31|48 25|16 9|61 20|74 58|89 40|
15 34|49 41|66 89|9 31|95 6|99 75|57 50|22 45|38 80|0 75|90 70|32 52|0 22|2 74|3 74|
70 77|88 19|4 96|16 20|14 86|30 54|71 39|89 12|91 25|81 84|85 95|27 25|19 23|87 16|95 2|
82 96|38 93|88 10|89 6|93 35|58 81|11 5|52 21|65 79|72 37|78 87|98 38|0 0|51 20|86 26|
61 57|41 69|97 7|35 6|60 48|16 41|40 22|80 51|82 70|80 28|49 87|0 50|19 39|42 71|58 51|
34 25|83 46|82 55|16 10|26 22|59 31|19 72|93 45|42 47|62 3|99 88|87 76|0 78|1 77|26 51|
21 95|37 68|47 64|49 36|30 48|95 77|13 50|85 19|0 34|57 63|60 28|7 52|1 35|6 41|27 39|
69 88|54 16|75 53|73 63|7 12|90 54|47 33|23 58|71 94|39 59|55 13|15 82|0 2|16 25|46 27|
85 31|57 24|44 53|63 23|21 3|29 18|80 91|63 20|76 39|79 81|1 78|76 3|4 76|16 0|57 23|
42 21|43 25|13 69|87 88|22 40|14 18|37 2|85 54|45 31|86 29|93 6|87 17|0 89|10 74|33 13|
8 18|14 76|74 89|51 21|14 55|70 61|47 36|79 97|84 60|11 88|55 5|57 75|0 9|44 32|67 62|
30 83|91 9|65 53|75 75|99 81|73 27|49 70|2 5|57 83|80 21|36 41|38 54|7 99|38 82|39 82|
5 38|22 38|81 96|61 28|60 73|80 82|8 15|19 29|88 14|86 15|70 71|15 43|13 23|18 35|61 72|
53 21|82 63|47 79|7 72|56 11|2 11|58 83|67 90|23 74|29 23|52 17|68 53|0 9|6 16|23 18|
50 39|54 26|92 61|8 1|20 5|80 26|41 44|52 39|57 23|62 41|88 23|29 6|13 3|16 4|42 28|
93 14|50 36|62 72|0 81|83 97|72 73|84 26|46 41|97 3|3 37|82 95|23 54|3 79|43 43|58 64|
16 52|79 72|13 34|58 51|49 23|55 46|17 46|78 3|21 13|14 4|3 90|60 16|9 44|18 21|25 45|
51 64|75 78|61 18|54 77|32 70|49 27|59 65|21 11|96 91|42 61|2 66|87 79|0 66|11 0|32 23|
65 38|59 55|98 11|84 99|23 49|84 31|48 21|48 22|61 90|14 54|35 95|44 33|33 99|36 89|49 86|
23 35|42 66|30 41|30 20|95 98|25 34|40 38|2 41|18 52|90 20|11 57|53 29|6 40|20 53|32 40|
63 92|3 2|43 67|85 4|21 87|67 69|73 43|47 64|82 40|50 16|41 17|50 48|18 8|48 49|70 52|
23 91|79 33|99 80|81 73|80 22|19 53|37 48|15 81|19 79|32 64|22 82|3 11|0 95|12 34|31 62|
82 52|88 35|84 89|81 55|81 86|21 22|28 90|2 27|49 70|15 13|11 33|46 41|6 29|16 28|19 99|
19 70|20 58|10 18|11 78|76 97|22 27|70 73|85 11|25 43|70 71|18 31|72 28|0 0|2 99|20 30|
99 3|65 31|87 11|87 30|52 73|72 16|71 44|49 1|50 8|99 30|50 4|16 55|0 59|7 57|35 99|
18 7|7 60|67 50|58 46|90 14|39 20|58 22|86 54|36 51|97 80|24 58|31 17|0 61|22 58|30 51|
15 47|92 46|24 54|80 39|24 71|70 30|17 91|60 14|45 74|26 71|40 83|0 20|1 21|3 22|43 88|
46 21|49 68|18 87|68 21|3 8|84 91|88 64|73 65|89 7|35 77|57 63|73 73|0 5|39 76|44 67|
53 42|25 69|99 91|5 74|11 72|82 4|25 38|70 70|59 43|71 40|26 1|37 50|23 71|48 33|72 13|
38 14|43 77|43 51|91 4|32 11|73 20|2 99|23 79|98 99|67 20|33 52|29 77|31 48|39 47|40 50|
52 13|39 26|35 72|32 92|24 24|27 34|26 59|98 84|39 79|17 18|61 56|33 31|27 59|31 99|55 51|
21 10|41 28|16 4|71 38|41 48|16 74|39 71|14 79|77 32|27 33|47 72|98 96|26 32|28 33|38 52|
19 7|47 51|94 39|23 10|33 79|67 42|63 15|60 40|22 60|75 5|42 45|0 76|23 30|42 23|46 52|
47 54|49 35|50 46|86 27|85 92|95 9|16 24|87 28|27 38|77 15|32 91|79 84|0 9|20 29|77 14|
35 30|7 29|60 12|82 0|83 75|64 40|59 15|16 15|49 38|80 54|80 65|30 25|32 32|47 36|51 42|
10 44|29 45|72 93|6 3|27 57|19 58|41 63|26 56|1 58|33 84|93 10|79 18|9 46|10 42|35 57|
17 57|6 31|88 89|16 29|56 59|52 33|25 41|1 1|24 16|8 92|17 64|53 11|8 31|11 81|51 21|
67 16|47 76|39 73|4 85|75 37|63 25|15 16|74 37|10 73|60 99|27 35|0 12|2 13|26 35|48 52|
46 23|94 20|53 48|65 58|82 21|8 60|91 95|17 0|69 0|46 46|69 19|26 2|20 1|24 2|48 24|
38 42|80 80|20 41|8 79|40 56|15 71|50 41|56 75|38 87|28 66|90 2|1 3|0 85|26 68|44 77|
