26 73|56 75|19 85|8 63|52 42|16 86|9 89|77 32|47 20|26 62|58 86|65 95|95 21|18 67|22 76|51 41|
48 37|13 57|33 10|2 66|41 13|86 2|75 52|33 47|61 15|69 57|68 58|89 52|74 74|6 63|7 0|28 51|
63 47|89 12|99 87|22 73|58 48|6 85|99 7|51 11|56 61|64 65|23 26|0 3|43 38|38 55|54 42|82 15|
68 55|31 57|25 98|30 29|88 66|21 12|23 54|86 4|42 76|85 60|78 12|58 46|41 70|27 17|76 13|83 55|
19 82|42 59|61 77|65 13|10 85|85 5|93 65|77 12|56 13|53 58|33 97|1 89|20 10|34 93|39 58|52 81|
57 39|82 75|39 97|0 48|29 78|45 41|55 44|26 21|60 64|16 63|96 91|21 7|35 86|17 0|45 42|55 40|
90 84|43 23|76 39|55 99|62 65|37 77|56 62|48 26|0 76|27 73|85 42|69 74|40 80|5 0|59 64|67 74|
63 97|10 0|0 77|21 17|57 70|80 64|94 74|89 37|49 52|56 72|49 44|71 56|36 61|15 7|39 62|57 43|
34 25|47 48|55 37|72 17|4 83|15 71|30 52|1 87|8 13|38 65|62 6|39 72|43 19|0 0|6 80|17 68|
20 22|0 98|50 32|92 0|33 40|40 84|12 12|95 95|56 14|73 20|50 39|22 88|91 86|47 34|49 40|86 74|
70 64|95 4|60 66|28 2|47 29|99 0|18 93|75 26|84 65|65 26|4 0|62 40|67 27|24 80|41 3|59 37|
44 98|53 64|60 74|99 91|77 76|43 58|15 51|61 32|93 8|81 79|55 79|38 62|13 10|0 44|49 27|56 30|
36 46|0 99|18 51|40 29|98 26|75 61|72 51|3 93|25 13|53 2|14 14|78 66|89 79|0 0|28 12|35 38|
11 75|95 92|65 25|49 64|10 75|4 47|59 28|76 8|56 69|1 76|37 99|8 51|72 70|0 44|13 76|70 68|
99 2|35 41|84 8|50 46|11 28|6 3|9 9|77 87|5 62|28 32|25 52|13 55|61 14|13 29|17 36|50 47|
87 71|71 97|76 86|12 38|80 78|88 33|61 38|72 3|23 36|91 26|42 30|92 75|63 35|0 39|53 40|94 25|
40 48|22 96|16 44|66 64|37 39|17 20|16 18|66 65|26 60|8 35|80 54|70 93|68 59|9 36|17 21|36 41|
23 57|67 74|2 62|24 15|23 13|47 79|46 97|56 76|83 76|39 32|42 21|26 57|67 19|25 19|38 21|38 32|
70 93|64 29|31 96|0 57|29 35|29 39|13 60|60 89|69 26|27 65|46 61|14 11|55 64|30 98|33 93|59 31|
97 38|12 13|62 61|61 82|63 83|39 96|42 92|70 99|66 55|79 5|88 43|4 8|58 61|11 13|21 12|37 71|
40 16|62 60|64 13|51 17|18 86|72 72|63 61|77 19|16 4|69 10|65 20|70 69|97 24|3 0|20 5|67 16|
87 3|32 39|97 26|73 89|61 39|79 45|72 84|33 41|69 25|12 80|25 69|13 3|62 31|20 73|56 41|71 54|
62 64|9 99|92 0|73 23|38 24|11 55|66 29|47 6|25 65|69 67|18 85|59 47|94 83|20 45|27 37|55 47|
76 76|28 11|92 85|43 98|53 39|75 34|84 15|10 65|24 6|50 50|40 72|53 51|68 52|30 69|34 70|65 70|
92 89|75 20|66 66|96 99|66 74|88 26|11 26|13 86|77 27|91 86|37 29|34 69|64 27|20 83|46 30|99 17|
59 82|58 70|82 7|76 11|80 46|73 37|83 48|28 14|33 26|55 44|20 66|3 73|81 8|12 68|16 0|60 65|
79 48|18 15|63 42|42 57|40 53|10 73|29 35|62 63|56 38|48 55|0 17|76 84|13 6|3 19|48 56|61 61|
45 30|51 41|67 69|56 67|49 74|57 42|33 68|36 68|50 56|62 40|60 67|51 56|71 35|0 69|49 55|52 70|
29 36|48 64|33 73|39 53|50 44|52 63|39 58|67 67|56 25|44 66|25 32|32 60|35 59|0 0|36 51|48 51|
34 40|60 56|70 32|74 29|34 52|36 53|26 74|30 31|72 69|25 59|57 46|27 69|29 51|0 0|2 3|31 34|
71 66|65 40|55 37|49 52|46 72|70 34|48 54|52 36|74 30|43 52|31 58|46 31|45 73|39 55|48 71|51 70|
34 54|27 74|61 68|29 47|32 60|70 44|49 53|52 55|72 31|69 38|73 45|56 65|58 58|0 28|63 70|68 42|
53 45|71 70|74 33|52 35|38 53|63 36|32 28|63 54|47 44|39 36|51 43|47 52|46 52|0 0|36 34|85 85|
41 64|73 54|30 67|40 42|46 55|63 66|65 47|42 55|68 26|65 42|63 64|32 26|35 65|42 43|66 48|79 84|
72 40|45 43|49 34|54 46|60 59|56 71|64 52|45 42|38 65|42 38|42 25|49 35|41 62|5 99|38 0|55 68|
35 59|62 61|74 46|56 73|64 62|56 66|74 65|36 28|54 43|40 33|48 58|58 61|59 62|41 34|47 59|55 64|
33 30|33 58|62 62|28 29|44 29|44 55|72 52|51 54|41 57|70 72|69 25|63 60|40 57|0 0|42 55|62 61|
56 61|63 54|49 34|57 37|73 33|27 55|49 56|52 49|74 67|56 62|36 55|55 53|47 27|53 36|65 57|92 93|
29 26|42 39|38 56|37 54|69 28|40 38|54 43|30 55|35 31|64 56|35 53|29 66|54 36|0 0|49 45|81 69|
33 50|70 39|63 42|63 69|32 58|53 27|65 74|50 37|30 40|59 45|27 35|57 57|26 68|45 0|46 4|51 38|
72 29|65 42|36 36|32 66|30 67|65 46|67 61|43 43|47 43|62 52|68 46|40 55|68 36|0 83|43 54|61 55|
62 59|68 61|44 64|63 71|53 59|65 61|41 38|28 30|53 64|64 73|34 34|28 70|54 31|39 37|44 58|66 76|
71 36|36 70|68 61|25 27|43 53|73 64|39 43|38 37|54 40|37 43|62 53|45 52|45 48|0 0|39 44|44 48|
65 45|39 31|72 43|25 67|70 25|36 61|67 58|66 52|43 58|57 33|67 45|32 29|58 48|0 14|46 53|74 60|
26 70|41 49|54 28|51 55|50 56|51 61|66 56|35 48|55 26|31 61|42 50|73 69|31 41|6 99|42 51|61 46|
46 52|14 42|17 31|54 23|83 93|13 11|13 47|84 8|67 66|70 18|47 55|1 89|7 36|5 0|10 38|66 64|
25 33|85 57|99 85|20 29|47 73|23 91|33 83|31 81|32 48|91 71|91 37|30 81|28 42|22 31|23 82|78 40|
92 69|18 2|60 70|22 26|64 61|36 26|6 17|82 60|72 98|55 29|95 70|33 15|99 15|27 29|28 11|32 23|
98 6|6 12|22 15|95 12|76 94|62 46|74 89|64 46|65 78|2 87|51 16|91 45|53 66|66 47|87 44|90 45|
47 19|44 64|73 27|78 69|52 21|25 46|14 43|19 95|93 83|71 59|35 45|43 50|52 61|0 0|27 47|55 22|
38 46|7 14|36 28|16 67|36 71|14 19|76 82|48 48|28 69|68 6|0 89|10 78|85 47|17 21|37 47|45 51|
43 52|40 19|7 8|87 97|16 42|94 20|77 23|78 23|32 82|45 54|29 60|13 88|53 53|1 99|27 57|61 73|
31 87|31 35|79 5|55 79|87 86|30 13|72 62|66 56|13 15|9 95|56 53|85 84|82 3|0 1|53 50|60 49|
71 17|68 3|75 20|83 25|89 77|51 33|71 57|13 89|43 32|37 75|86 70|75 62|97 24|0 0|38 73|84 61|
99 95|22 97|83 33|62 66|4 54|21 10|64 52|24 82|70 41|41 39|22 69|76 74|57 54|19 65|37 33|55 48|
58 89|14 65|16 23|8 67|80 15|93 86|24 56|9 6|54 63|57 54|56 99|82 5|72 83|55 61|56 97|74 46|
30 60|15 63|29 52|94 98|99 76|92 96|12 53|79 79|33 42|35 10|18 74|77 74|30 61|6 99|17 70|32 41|
26 75|50 17|87 67|13 85|99 66|48 53|6 44|51 52|39 29|95 78|35 33|32 35|53 68|49 53|80 68|80 69|
30 78|4 88|14 71|88 10|78 44|8 7|24 75|78 30|96 92|37 58|28 24|6 5|36 83|0 91|33 59|79 20|
44 73|90 49|38 46|90 2|50 72|9 52|49 53|99 88|25 79|0 52|76 51|46 54|10 84|14 51|41 55|63 53|
26 71|39 48|53 62|29 12|7 84|39 51|41 89|86 28|70 50|63 77|57 77|41 92|82 87|35 81|51 51|71 48|
58 83|13 52|23 68|67 46|43 63|46 58|0 79|90 18|39 97|95 97|99 99|48 53|2 46|16 55|45 83|66 48|
26 1|26 21|76 24|54 75|40 93|24 58|40 97|91 0|64 63|14 81|72 77|69 35|25 49|39 99|52 71|61 56|
40 82|33 84|67 14|64 57|70 75|33 46|67 77|66 82|12 20|63 25|1 97|98 77|42 61|29 43|36 59|66 78|
42 82|81 40|97 85|39 51|28 74|86 27|43 93|10 96|19 90|46 75|37 45|99 4|36 41|6 99|32 72|78 48|
47 0|38 3|77 41|84 89|84 45|22 4|76 75|67 56|9 3|51 46|2 49|95 46|26 40|8 47|15 4|46 47|
87 71|36 27|36 31|77 38|30 33|76 66|12 28|73 92|70 87|91 25|79 59|98 78|24 15|32 24|35 36|40 34|
91 72|95 8|31 31|15 30|98 1|76 9|89 56|69 49|50 95|88 44|75 27|71 13|56 74|49 98|68 53|69 14|
75 17|51 23|67 48|72 55|82 94|69 14|59 23|91 4|84 16|12 2|77 75|55 55|64 6|54 57|56 48|67 49|
73 67|55 13|39 94|5 28|2 81|21 56|54 15|28 25|37 55|41 50|90 69|70 67|56 71|14 66|24 26|35 58|
9 2|51 32|70 3|83 69|99 44|50 24|23 26|99 93|79 62|41 63|54 20|83 42|31 42|0 72|4 71|54 30|
3 6|70 69|71 57|84 41|65 45|3 79|98 98|35 32|42 39|82 28|85 78|96 15|26 71|67 44|70 59|81 69|
55 22|65 21|77 34|89 74|74 16|50 31|72 42|27 46|4 53|63 25|78 54|22 2|48 19|1 54|13 48|72 40|
23 11|4 0|30 13|9 80|17 58|16 7|66 94|10 36|96 24|16 35|56 80|8 33|8 85|6 31|14 32|36 50|
60 88|51 64|68 38|78 19|85 77|61 92|18 10|6 98|26 70|15 4|17 83|45 29|51 56|53 59|68 36|69 41|
71 29|59 56|23 51|9 69|30 19|17 95|33 54|94 3|34 29|25 61|85 12|35 30|94 85|18 91|25 48|32 53|
23 30|28 73|78 36|5 84|62 69|11 28|32 35|74 1|85 85|59 69|96 31|73 3|72 28|18 30|29 35|75 37|
28 57|57 4|1 32|35 53|78 49|43 32|31 36|99 31|55 17|73 77|83 41|71 72|3 93|28 33|42 28|54 14|
66 21|45 59|68 8|85 74|86 3|48 60|15 89|72 17|91 71|72 84|96 85|58 57|0 95|2 94|70 86|76 14|
71 41|20 44|65 56|98 77|10 15|95 39|18 47|7 46|85 74|74 56|84 40|35 66|19 35|0 78|34 63|94 76|
16 17|52 52|49 77|13 81|65 43|0 59|84 92|74 85|17 18|17 97|41 73|2 58|99 4|3 56|14 84|62 76|
59 60|1 85|58 23|61 41|20 24|55 41|74 62|38 67|23 27|79 85|58 75|83 96|90 10|26 31|64 58|80 88|
77 17|77 54|68 50|42 36|32 87|89 64|29 5|18 91|71 22|50 90|37 87|52 95|96 64|17 0|73 21|92 63|
59 21|36 85|34 94|19 24|86 0|23 50|7 60|27 41|38 41|96 73|21 50|14 57|50 68|11 58|21 34|35 87|
24 77|92 17|37 60|8 77|50 40|57 84|37 35|75 36|17 87|72 40|54 73|33 12|42 51|12 76|20 76|36 38|
63 98|56 49|60 96|1 95|71 66|57 35|51 68|5 92|65 79|32 37|87 47|11 13|13 84|0 0|57 54|58 95|
1 49|36 63|55 38|84 18|8 73|31 17|44 49|14 62|19 41|11 45|78 75|61 35|64 68|0 80|4 48|41 50|
27 30|45 75|16 4|17 17|78 64|47 90|93 28|79 73|26 32|82 49|13 19|21 14|86 80|14 19|19 12|45 71|
82 99|71 60|86 4|41 35|34 28|27 59|74 19|71 45|62 44|6 89|63 30|57 48|69 22|0 0|58 36|58 46|
47 38|48 17|50 56|49 42|39 86|25 74|98 77|55 28|46 60|90 75|42 97|55 68|48 43|30 77|33 79|45 60|
97 94|32 40|23 19|37 59|33 66|10 9|84 46|34 40|84 74|39 14|25 89|36 5|87 5|0 0|36 3|83 66|
38 21|35 45|33 51|99 95|63 45|83 18|78 2|23 61|77 10|94 14|69 58|36 10|67 50|57 36|74 64|77 8|
61 85|43 71|38 29|61 31|23 99|46 30|58 69|98 13|27 97|91 22|64 64|98 75|89 74|32 95|69 72|70 72|
32 51|4 92|69 60|21 2|53 15|91 0|61 55|12 40|17 40|16 64|33 54|81 67|1 97|0 34|35 20|36 21|
20 81|63 48|24 48|6 47|26 54|72 42|93 35|61 63|53 36|62 91|14 85|61 46|67 6|0 95|54 35|71 42|
48 10|28 65|48 68|11 70|96 81|50 19|97 48|86 66|68 50|87 62|61 55|62 63|51 29|29 65|41 66|86 67|
36 36|41 59|13 95|37 72|46 35|87 82|32 67|61 3|52 56|27 67|36 70|8 27|54 18|24 74|40 59|65 72|
27 80|58 49|84 39|81 68|4 87|7 86|46 44|54 76|34 24|93 15|52 44|21 18|55 77|0 1|83 42|88 28|
11 93|32 38|15 30|54 65|4 11|31 74|94 95|22 36|97 98|59 54|30 63|91 22|85 67|29 35|52 63|83 83|
45 48|93 11|58 49|57 56|67 26|44 32|1 57|39 49|75 74|16 3|36 22|73 38|68 22|20 8|27 17|66 31|
40 35|19 31|57 82|86 76|67 71|48 36|0 22|27 87|63 91|0 98|83 8|48 80|56 84|5 96|38 85|69 72|
6 4|25 37|51 43|56 66|86 13|21 23|3 48|89 69|21 69|32 94|94 71|95 5|68 38|0 49|22 71|51 41|
16 19|48 95|36 66|28 46|49 91|64 90|8 93|30 81|50 89|71 32|54 66|90 3|39 78|29 47|35 65|51 88|
50 90|48 70|5 6|32 54|47 94|90 96|91 35|81 57|49 68|25 28|74 73|30 46|87 92|0 0|24 26|44 99|
33 85|83 52|14 34|13 27|90 59|70 26|15 54|41 69|0 12|94 8|82 19|64 49|41 53|12 25|60 47|79 47|
99 46|46 3|83 38|89 4|55 30|61 64|64 77|88 7|68 41|36 15|42 1|29 20|0 35|41 0|59 58|84 20|
13 74|36 68|56 67|74 19|94 78|7 2|7 77|98 10|42 17|66 43|89 62|46 23|68 44|5 0|11 7|70 25|
27 67|52 75|43 11|0 1|78 55|95 3|17 76|10 79|61 89|14 5|48 80|49 12|94 45|0 84|20 71|22 70|
91 4|58 48|45 70|15 48|56 61|69 91|60 61|50 58|11 93|22 83|48 74|51 54|4 38|0 35|39 73|57 50|
82 73|0 91|75 17|9 76|29 16|24 69|9 30|25 64|97 92|18 24|97 11|86 82|68 18|0 11|1 90|25 19|
39 67|61 81|47 49|7 94|2 26|62 99|61 86|80 24|56 76|74 45|74 55|79 62|76 58|0 24|0 97|56 74|
38 48|31 45|8 78|35 76|1 18|26 76|19 34|12 27|39 77|92 22|76 88|32 38|28 38|32 39|33 44|41 42|
11 68|7 4|25 48|71 63|10 54|79 68|67 53|29 38|20 54|13 24|2 74|66 55|93 6|0 77|15 53|24 45|
49 10|86 79|57 23|96 93|54 37|88 14|72 55|21 45|9 80|8 82|80 60|21 43|19 6|43 0|68 20|87 80|
63 21|15 71|81 30|72 3|34 36|75 67|78 44|97 90|4 80|27 39|28 27|75 69|12 24|0 85|22 26|74 0|
11 18|38 65|85 64|91 13|53 73|85 43|65 80|7 53|48 45|96 1|21 26|92 10|39 33|0 10|28 61|38 31|
48 79|56 95|34 89|66 27|66 60|25 5|75 93|77 19|86 10|55 91|35 25|51 80|82 94|40 42|64 62|67 92|
75 67|88 70|92 70|29 80|49 78|98 27|83 91|41 75|48 45|34 41|10 32|5 84|68 48|0 85|36 75|50 77|
74 31|53 22|36 19|63 85|63 86|51 29|46 8|48 13|66 83|97 90|6 2|18 6|87 1|3 0|7 3|64 83|
84 29|12 52|46 18|98 29|74 63|2 84|63 65|41 16|46 24|96 68|4 79|83 30|9 0|0 88|6 51|43 23|
73 88|23 3|29 9|79 45|83 98|39 59|98 91|86 83|88 84|21 53|56 73|86 30|66 44|31 12|60 32|78 38|
71 35|1 34|72 38|82 51|80 23|96 85|84 60|48 51|36 61|67 10|94 24|65 4|77 22|4 35|47 50|73 42|
49 68|65 71|53 46|61 67|29 31|45 60|73 41|92 18|49 71|77 88|35 6|42 31|0 30|40 19|50 36|74 39|
39 40|94 98|45 34|72 91|13 91|4 21|51 6|79 72|22 88|80 71|32 34|43 31|24 32|25 33|29 86|81 71|
72 50|27 35|55 32|33 36|16 3|64 51|33 72|49 17|90 55|19 40|25 87|80 4|4 42|14 39|34 17|52 16|
96 99|65 67|32 20|15 81|31 18|43 66|97 31|62 36|14 20|80 32|44 33|10 84|76 32|0 1|20 21|51 34|
89 7|25 19|32 81|47 66|9 16|40 25|48 66|25 29|39 69|74 88|55 24|69 21|32 35|16 18|28 31|68 23|
97 95|9 46|22 26|45 57|13 52|42 55|1 89|65 75|98 6|16 63|41 37|29 32|58 40|0 33|47 58|55 69|
17 96|78 47|30 0|18 58|30 2|62 49|66 96|15 8|29 38|16 8|9 3|32 49|57 79|18 50|31 4|55 51|
27 20|20 17|73 37|15 11|35 47|35 68|82 18|79 22|73 90|42 71|95 97|21 86|65 89|21 99|36 47|52 90|
36 48|84 42|89 51|63 96|20 12|16 9|72 13|26 62|79 1|99 60|28 40|55 74|3 86|5 0|24 62|53 77|
22 67|53 73|68 82|72 20|19 71|6 51|82 8|34 14|18 95|1 56|20 84|37 18|51 69|0 56|21 81|24 0|
12 48|31 2|74 63|46 45|37 94|99 32|39 18|63 90|83 93|16 50|79 51|40 64|99 96|34 10|43 42|65 90|
82 98|29 35|46 27|44 24|78 23|6 13|26 68|38 32|94 13|1 85|14 69|56 68|47 27|0 11|36 32|74 26|
23 58|41 75|14 30|80 66|23 84|39 88|4 6|35 64|8 94|83 51|96 8|77 99|75 92|22 39|36 78|38 83|
87 50|42 11|86 27|90 21|52 10|41 73|39 11|98 78|36 10|29 92|64 5|49 62|50 60|36 81|48 65|82 34|
41 54|89 15|93 82|97 94|84 22|47 0|50 71|17 33|54 15|6 24|66 48|76 70|36 96|49 5|69 53|94 86|
67 68|60 62|48 58|4 57|60 36|42 95|10 62|21 14|45 40|64 34|88 82|17 69|29 23|0 54|24 43|41 53|
61 56|35 64|14 74|29 33|5 76|15 36|52 98|26 58|99 54|76 57|53 85|45 23|51 18|0 30|1 77|54 77|
70 54|42 26|94 58|68 55|54 86|72 54|45 46|16 69|59 22|73 7|40 25|15 3|39 50|36 53|43 48|50 42|
19 51|67 79|65 5|41 54|66 56|3 83|69 55|23 51|26 76|97 82|53 43|71 55|55 22|0 50|14 79|28 54|
63 98|68 68|84 35|61 47|58 53|74 6|65 85|42 57|65 23|8 47|90 35|54 49|45 32|30 61|59 26|93 34|
58 3|75 74|78 85|99 33|18 19|0 0|76 21|27 47|20 81|67 60|68 54|75 68|1 99|54 9|58 0|89 28|
51 35|97 87|86 55|5 26|32 76|30 66|29 85|78 71|49 43|11 34|88 78|36 20|98 49|17 0|58 47|83 57|
64 20|59 21|48 48|87 76|43 37|69 18|29 99|38 76|26 38|33 13|72 62|11 7|70 17|30 47|39 75|67 57|
85 28|90 14|7 62|52 56|19 79|63 57|88 19|99 86|56 70|94 6|51 54|24 61|24 64|0 94|51 58|57 73|
40 87|93 57|49 35|75 26|99 61|43 50|29 19|75 14|42 11|8 21|42 76|43 73|77 9|20 20|31 18|40 54|
30 33|63 24|74 41|91 54|86 52|20 57|42 90|32 73|49 58|9 19|39 48|7 57|8 18|0 58|10 21|72 39|
9 86|48 29|80 13|55 35|99 2|45 18|24 33|79 29|99 83|29 69|1 8|12 19|82 49|0 94|47 30|52 36|
34 77|31 82|51 88|69 14|28 62|50 95|18 99|24 63|71 42|66 25|24 80|1 56|98 83|22 87|49 93|72 44|
12 74|93 34|6 91|97 29|47 2|91 50|41 46|47 8|95 53|15 16|17 56|25 15|51 33|0 9|41 44|86 43|
41 9|68 26|57 45|61 37|50 1|83 21|2 3|74 40|23 8|8 5|35 66|30 81|75 42|18 99|76 28|76 43|
85 14|31 53|39 47|82 36|81 88|56 22|15 18|72 71|95 30|78 43|12 60|67 44|80 35|0 11|57 22|76 74|
44 60|90 55|38 57|56 45|81 20|81 38|80 35|29 33|57 37|32 57|13 61|12 5|51 67|5 0|54 44|80 34|
56 18|65 78|29 63|61 77|27 17|49 83|93 97|36 35|43 43|44 58|3 95|54 79|40 66|13 86|39 39|41 60|
28 61|33 68|85 46|62 58|27 13|21 89|10 42|98 44|77 83|39 43|58 64|75 47|66 67|21 53|40 39|60 57|
51 34|86 4|18 77|14 85|27 30|74 18|58 3|3 31|63 52|60 52|30 29|50 38|88 57|4 99|32 28|60 35|
52 28|24 20|53 56|78 19|41 17|0 99|85 84|48 58|35 68|72 22|8 21|59 24|70 10|0 21|46 30|69 24|
78 33|46 57|76 19|32 29|24 91|82 44|38 33|0 91|93 2|32 50|22 66|35 67|26 13|26 64|33 50|77 29|
79 46|35 52|56 4|23 27|19 23|81 37|17 98|58 18|57 16|40 51|91 36|71 87|40 72|24 27|24 84|72 89|
93 23|55 86|57 91|72 87|55 67|19 65|79 61|85 40|27 51|60 74|5 88|27 47|12 9|53 63|54 84|82 50|
72 50|73 21|76 91|34 62|41 59|22 20|98 42|75 87|3 90|3 15|11 83|19 80|34 21|0 13|23 65|69 62|
91 14|12 93|76 71|87 48|72 80|71 29|40 74|1 55|17 60|63 52|81 22|68 90|98 37|4 99|18 88|38 76|
52 3|64 44|98 7|73 91|87 38|21 42|75 54|71 24|65 69|0 58|67 41|37 26|73 97|2 57|64 71|95 10|
74 71|82 86|37 71|92 4|68 74|61 74|78 26|54 78|95 85|32 87|69 73|64 95|3 98|61 45|85 85|89 84|
98 46|75 57|68 84|16 75|67 83|76 56|3 99|38 47|28 28|13 92|31 30|10 3|30 41|8 85|14 87|57 82|
20 73|11 30|5 24|38 36|85 94|28 66|11 87|30 29|34 33|71 0|34 66|26 40|44 26|0 20|27 41|28 26|
65 45|95 3|89 95|83 75|3 32|77 18|83 73|56 51|18 83|14 84|86 70|84 85|23 52|0 30|0 88|58 31|
76 82|75 92|19 28|75 89|9 4|92 98|20 27|8 25|81 1|17 20|78 47|81 80|71 74|63 43|71 75|78 74|
23 46|50 58|95 5|47 44|43 45|11 52|2 90|36 47|23 37|41 63|56 30|4 8|66 67|0 4|47 59|51 33|
3 96|14 80|84 86|98 98|6 92|3 44|66 37|67 27|63 5|27 42|84 41|94 93|83 53|62 33|65 23|83 42|
61 90|85 30|37 16|60 42|87 59|31 13|89 44|93 35|86 69|95 2|79 67|99 93|85 17|40 17|56 99|61 42|
75 66|1 99|48 38|15 88|34 22|84 97|36 67|41 65|90 25|45 85|11 91|54 76|74 40|15 0|40 91|69 45|
85 44|31 68|97 39|92 91|17 74|47 45|84 61|57 48|91 51|14 14|50 63|39 26|20 18|76 73|86 42|94 52|
2 38|95 13|73 31|49 46|67 62|70 64|97 71|19 73|35 44|14 77|2 88|8 83|19 55|12 58|12 81|15 57|
42 56|4 42|96 81|12 79|89 19|36 65|78 49|66 93|58 69|94 8|81 80|76 83|57 58|33 68|57 71|79 81|
53 22|26 38|18 9|55 98|67 39|52 80|53 24|7 25|52 66|32 17|22 34|92 2|9 1|19 12|32 18|54 33|
43 46|16 96|92 89|80 39|30 30|78 43|84 68|74 2|28 55|7 17|15 19|69 13|72 26|20 20|29 30|77 48|
18 19|90 40|30 21|19 69|8 97|71 60|91 31|94 39|77 75|66 68|90 85|24 48|94 15|0 2|61 52|97 10|
28 89|85 75|83 63|89 84|27 37|25 96|5 37|29 75|23 42|85 2|29 30|84 8|16 50|24 99|28 77|30 70|
12 5|95 59|44 86|51 74|46 19|89 58|21 29|66 14|57 18|73 46|1 23|49 66|91 58|13 7|15 12|74 46|
49 65|91 25|19 13|36 87|26 65|35 46|29 15|27 61|2 5|0 84|52 61|41 15|42 10|1 82|4 75|47 68|
31 16|71 40|58 74|47 29|62 36|64 65|98 41|54 90|24 62|51 57|3 71|40 62|89 58|0 72|45 59|61 67|
70 60|52 58|98 86|82 82|59 26|18 58|39 94|86 32|71 38|3 55|41 55|47 11|52 79|9 56|53 19|87 83|
74 85|41 14|45 59|72 7|38 80|52 66|60 12|20 68|87 99|4 87|25 70|63 73|1 11|0 88|8 12|19 68|
24 52|64 75|65 79|36 70|16 81|4 41|81 62|69 65|76 4|17 46|70 37|45 48|45 49|0 90|63 67|71 29|
29 38|19 71|14 73|56 22|3 94|53 13|88 77|66 42|4 44|61 0|70 75|20 42|64 69|0 96|1 95|64 43|
58 57|99 82|97 27|93 88|37 56|96 94|30 80|30 43|5 20|68 45|37 53|61 57|92 84|54 50|56 59|93 82|
2 27|72 11|51 41|53 26|46 52|16 49|75 6|84 62|93 60|25 40|76 71|5 58|60 35|0 62|82 63|87 61|
18 42|79 48|1 56|78 39|76 16|10 51|82 2|47 82|53 57|49 76|83 78|46 72|13 3|0 56|42 98|47 70|
99 23|39 25|40 83|74 20|73 87|11 88|45 30|54 16|17 82|35 22|50 84|62 31|53 6|40 25|41 30|80 21|
55 93|46 21|72 74|60 47|57 26|44 14|26 35|90 1|63 27|19 31|39 55|82 87|35 48|38 0|59 46|63 67|
80 68|20 3|72 50|15 95|18 1|38 11|92 90|79 27|66 1|42 10|40 59|30 66|49 44|18 90|26 83|72 43|
12 98|86 3|22 92|59 66|54 79|76 88|19 67|79 12|51 58|1 18|54 43|68 69|85 98|0 17|52 57|55 67|
50 50|32 82|25 67|57 53|9 61|0 56|38 84|36 73|21 91|46 95|16 67|50 35|90 63|22 86|24 65|48 47|
69 50|60 65|85 26|78 68|9 59|33 81|74 42|11 3|20 57|35 89|35 99|41 68|29 26|12 8|13 14|39 62|
65 36|58 57|37 54|36 63|70 90|58 63|40 46|11 77|89 15|50 1|3 94|3 8|10 82|0 6|4 8|11 7|
11 74|44 35|10 1|66 28|2 82|81 70|50 63|13 72|75 7|35 29|70 99|69 76|68 93|45 74|52 62|68 77|
54 0|85 62|80 18|71 47|34 56|12 28|66 34|64 8|37 38|90 15|23 29|29 60|7 97|18 30|28 40|55 1|
1 74|89 3|61 23|71 46|30 84|19 68|12 16|32 80|75 54|99 94|37 58|75 15|20 68|3 0|13 20|31 81|
