4574 200 200
5552 1000 1000
2989 5000 5000
7220 25000 25000
6843 125000 125000
5824 625000 625000
6965 3125000 3125000
5298 15625000 15625000
6942 200 10
9686 1000 10
6386 5000 10
4980 25000 10
9161 125000 10
6894 625000 10
8073 3125000 10
5113 15625000 10
9629 200 9
6489 1000 9
7009 5000 9
9118 25000 9
7091 125000 9
9036 625000 9
7569 3125000 9
10617 15625000 9
15144 50 9
8044 250 9
9637 1250 9
3997 6250 9
7520 31250 9
3398 156250 9
6042 781250 9
4601 3906250 9
6763 19531250 9
8925 40 9
6453 200 9
5842 1000 9
7746 5000 9
9482 25000 9
7429 125000 9
7389 625000 9
8215 3125000 9
9393 15625000 9
15726 40 8
8520 200 8
7396 1000 8
9139 5000 8
5193 25000 8
4092 125000 8
5977 625000 8
6937 3125000 8
6330 15625000 8
18642 40 7
11738 200 7
8237 1000 7
7986 5000 7
7518 25000 7
8658 125000 7
8113 625000 7
4205 3125000 7
9219 15625000 7
10416 20 7
12211 100 7
10475 500 7
6894 2500 7
7788 12500 7
7062 62500 7
7640 312500 7
5629 1562500 7
7783 7812500 7
12122 39062500 7
29235 13 8
8025 65 8
7339 325 8
6253 1625 8
8728 8125 8
7040 40625 8
9661 203125 8
7977 1015625 8
3535 5078125 8
8026 25390625 8
