28 47|42 41|50 35|99 4|68 78|56 74|33 93|78 13|74 85|30 28|52 34|53 74|26 15|0 61|29 23|52 22|
72 47|58 41|50 35|1 4|32 78|44 74|67 93|22 13|26 85|70 28|48 34|47 74|74 15|100 61|71 23|48 22|
28 53|42 59|50 65|99 96|68 22|56 26|33 7|78 87|74 15|30 72|52 66|53 26|26 85|0 39|29 77|52 78|
47 28|41 42|35 50|4 99|78 68|74 56|93 33|13 78|85 74|28 30|34 52|74 53|15 26|61 0|23 29|22 52|
47 72|41 58|35 50|4 1|78 32|74 44|93 67|13 22|85 26|28 70|34 48|74 47|15 74|61 100|23 71|22 48|
72 53|58 59|50 65|1 96|32 22|44 26|67 7|22 87|26 15|70 72|48 66|47 26|74 85|100 39|71 77|48 78|
53 28|59 42|65 50|96 99|22 68|26 56|7 33|87 78|15 74|72 30|66 52|26 53|85 26|39 0|77 29|78 52|
2 16|43 46|27 49|40 44|65 12|18 80|73 30|64 17|24 73|54 72|40 56|97 8|71 95|6 17|11 18|62 29|
98 16|57 46|73 49|60 44|35 12|82 80|27 30|36 17|76 73|46 72|60 56|3 8|29 95|94 17|89 18|38 29|
2 84|43 54|27 51|40 56|65 88|18 20|73 70|64 83|24 27|54 28|40 44|97 92|71 5|6 83|11 82|62 71|
16 2|46 43|49 27|44 40|12 65|80 18|30 73|17 64|73 24|72 54|56 40|8 97|95 71|17 6|18 11|29 62|
16 98|46 57|49 73|44 60|12 35|80 82|30 27|17 36|73 76|72 46|56 60|8 3|95 29|17 94|18 89|29 38|
98 84|57 54|73 51|60 56|35 88|82 20|27 70|36 83|76 27|46 28|60 44|3 92|29 5|94 83|89 82|38 71|
84 2|54 43|51 27|56 40|88 65|20 18|70 73|83 64|27 24|28 54|44 40|92 97|5 71|83 6|82 11|71 62|
8 34|77 42|79 52|77 41|27 44|26 70|98 44|67 17|72 12|38 63|73 33|17 38|73 0|0 86|71 34|78 37|
92 34|23 42|21 52|23 41|73 44|74 70|2 44|33 17|28 12|62 63|27 33|83 38|27 0|100 86|29 34|22 37|
8 66|77 58|79 48|77 59|27 56|26 30|98 56|67 83|72 88|38 37|73 67|17 62|73 100|0 14|71 66|78 63|
34 8|42 77|52 79|41 77|44 27|70 26|44 98|17 67|12 72|63 38|33 73|38 17|0 73|86 0|34 71|37 78|
34 92|42 23|52 21|41 23|44 73|70 74|44 2|17 33|12 28|63 62|33 27|38 83|0 27|86 100|34 29|37 22|
92 66|23 58|21 48|23 59|73 56|74 30|2 56|33 83|28 88|62 37|27 67|83 62|27 100|100 14|29 66|22 63|
66 8|58 77|48 79|59 77|56 27|30 26|56 98|83 67|88 72|37 38|67 73|62 17|100 73|14 0|66 71|63 78|
74 39|28 64|32 28|88 14|29 76|20 4|89 54|75 45|10 58|5 60|32 73|37 30|76 26|6 60|7 99|25 67|
26 39|72 64|68 28|12 14|71 76|80 4|11 54|25 45|90 58|95 60|68 73|63 30|24 26|94 60|93 99|75 67|
74 61|28 36|32 72|88 86|29 24|20 96|89 46|75 55|10 42|5 40|32 27|37 70|76 74|6 40|7 1|25 33|
39 74|64 28|28 32|14 88|76 29|4 20|54 89|45 75|58 10|60 5|73 32|30 37|26 76|60 6|99 7|67 25|
39 26|64 72|28 68|14 12|76 71|4 80|54 11|45 25|58 90|60 95|73 68|30 63|26 24|60 94|99 93|67 75|
26 61|72 36|68 72|12 86|71 24|80 96|11 46|25 55|90 42|95 40|68 27|63 70|24 74|94 40|93 1|75 33|
61 74|36 28|72 32|86 88|24 29|96 20|46 89|55 75|42 10|40 5|27 32|70 37|74 76|40 6|1 7|33 25|
93 5|87 36|90 54|76 54|84 37|62 44|91 8|34 55|13 6|74 59|61 40|20 80|7 95|14 87|62 41|90 10|
7 5|13 36|10 54|24 54|16 37|38 44|9 8|66 55|87 6|26 59|39 40|80 80|93 95|86 87|38 41|10 10|
93 95|87 64|90 46|76 46|84 63|62 56|91 92|34 45|13 94|74 41|61 60|20 20|7 5|14 13|62 59|90 90|
5 93|36 87|54 90|54 76|37 84|44 62|8 91|55 34|6 13|59 74|40 61|80 20|95 7|87 14|41 62|10 90|
5 7|36 13|54 10|54 24|37 16|44 38|8 9|55 66|6 87|59 26|40 39|80 80|95 93|87 86|41 38|10 10|
7 95|13 64|10 46|24 46|16 63|38 56|9 92|66 45|87 94|26 41|39 60|80 20|93 5|86 13|38 59|10 90|
95 93|64 87|46 90|46 76|63 84|56 62|92 91|45 34|94 13|41 74|60 61|20 20|5 7|13 14|59 62|90 90|
3 98|81 89|82 79|25 90|35 73|81 96|66 4|66 1|53 47|45 44|67 10|90 36|42 53|2 99|50 57|82 98|
97 98|19 89|18 79|75 90|65 73|19 96|34 4|34 1|47 47|55 44|33 10|10 36|58 53|98 99|50 57|18 98|
3 2|81 11|82 21|25 10|35 27|81 4|66 96|66 99|53 53|45 56|67 90|90 64|42 47|2 1|50 43|82 2|
98 3|89 81|79 82|90 25|73 35|96 81|4 66|1 66|47 53|44 45|10 67|36 90|53 42|99 2|57 50|98 82|
98 97|89 19|79 18|90 75|73 65|96 19|4 34|1 34|47 47|44 55|10 33|36 10|53 58|99 98|57 50|98 18|
97 2|19 11|18 21|75 10|65 27|19 4|34 96|34 99|47 53|55 56|33 90|10 64|58 47|98 1|50 43|18 2|
2 3|11 81|21 82|10 25|27 35|4 81|96 66|99 66|53 53|56 45|90 67|64 90|47 42|1 2|43 50|2 82|
86 27|92 28|35 62|84 82|60 75|67 76|91 16|60 48|30 89|14 65|21 97|72 42|21 62|1 70|85 30|86 30|
14 27|8 28|65 62|16 82|40 75|33 76|9 16|40 48|70 89|86 65|79 97|28 42|79 62|99 70|15 30|14 30|
86 73|92 72|35 38|84 18|60 25|67 24|91 84|60 52|30 11|14 35|21 3|72 58|21 38|1 30|85 70|86 70|
27 86|28 92|62 35|82 84|75 60|76 67|16 91|48 60|89 30|65 14|97 21|42 72|62 21|70 1|30 85|30 86|
27 14|28 8|62 65|82 16|75 40|76 33|16 9|48 40|89 70|65 86|97 79|42 28|62 79|70 99|30 15|30 14|
14 73|8 72|65 38|16 18|40 25|33 24|9 84|40 52|70 11|86 35|79 3|28 58|79 38|99 30|15 70|14 70|
73 86|72 92|38 35|18 84|25 60|24 67|84 91|52 60|11 30|35 14|3 21|58 72|38 21|30 1|70 85|70 86|
24 99|37 34|85 95|71 74|47 64|29 86|5 30|28 91|88 22|49 52|46 31|95 12|72 68|0 26|45 20|50 50|
76 99|63 34|15 95|29 74|53 64|71 86|95 30|72 91|12 22|51 52|54 31|5 12|28 68|100 26|55 20|50 50|
24 1|37 66|85 5|71 26|47 36|29 14|5 70|28 9|88 78|49 48|46 69|95 88|72 32|0 74|45 80|50 50|
99 24|34 37|95 85|74 71|64 47|86 29|30 5|91 28|22 88|52 49|31 46|12 95|68 72|26 0|20 45|50 50|
99 76|34 63|95 15|74 29|64 53|86 71|30 95|91 72|22 12|52 51|31 54|12 5|68 28|26 100|20 55|50 50|
76 1|63 66|15 5|29 26|53 36|71 14|95 70|72 9|12 78|51 48|54 69|5 88|28 32|100 74|55 80|50 50|
1 24|66 37|5 85|26 71|36 47|14 29|70 5|9 28|78 88|48 49|69 46|88 95|32 72|74 0|80 45|50 50|
19 41|45 10|98 51|30 42|81 75|3 28|98 89|73 60|68 45|16 72|42 60|60 42|95 52|0 80|17 70|38 65|
81 41|55 10|2 51|70 42|19 75|97 28|2 89|27 60|32 45|84 72|58 60|40 42|5 52|100 80|83 70|62 65|
19 59|45 90|98 49|30 58|81 25|3 72|98 11|73 40|68 55|16 28|42 40|60 58|95 48|0 20|17 30|38 35|
41 19|10 45|51 98|42 30|75 81|28 3|89 98|60 73|45 68|72 16|60 42|42 60|52 95|80 0|70 17|65 38|
41 81|10 55|51 2|42 70|75 19|28 97|89 2|60 27|45 32|72 84|60 58|42 40|52 5|80 100|70 83|65 62|
81 59|55 90|2 49|70 58|19 25|97 72|2 11|27 40|32 55|84 28|58 40|40 58|5 48|100 20|83 30|62 35|
59 19|90 45|49 98|58 30|25 81|72 3|11 98|40 73|55 68|28 16|40 42|58 60|48 95|20 0|30 17|35 38|
16 44|91 47|1 43|69 43|10 12|30 27|82 86|24 49|65 91|33 35|4 1|70 76|66 84|8 8|55 45|67 78|
84 44|9 47|99 43|31 43|90 12|70 27|18 86|76 49|35 91|67 35|96 1|30 76|34 84|92 8|45 45|33 78|
16 56|91 53|1 57|69 57|10 88|30 73|82 14|24 51|65 9|33 65|4 99|70 24|66 16|8 92|55 55|67 22|
44 16|47 91|43 1|43 69|12 10|27 30|86 82|49 24|91 65|35 33|1 4|76 70|84 66|8 8|45 55|78 67|
44 84|47 9|43 99|43 31|12 90|27 70|86 18|49 76|91 35|35 67|1 96|76 30|84 34|8 92|45 45|78 33|
84 56|9 53|99 57|31 57|90 88|70 73|18 14|76 51|35 9|67 65|96 99|30 24|34 16|92 92|45 55|33 22|
56 16|53 91|57 1|57 69|88 10|73 30|14 82|51 24|9 65|65 33|99 4|24 70|16 66|92 8|55 55|22 67|
74 14|65 26|34 8|57 24|85 5|55 29|97 57|76 66|18 32|38 18|80 59|77 85|42 41|27 0|47 43|74 70|
26 14|35 26|66 8|43 24|15 5|45 29|3 57|24 66|82 32|62 18|20 59|23 85|58 41|73 0|53 43|26 70|
74 86|65 74|34 92|57 76|85 95|55 71|97 43|76 34|18 68|38 82|80 41|77 15|42 59|27 100|47 57|74 30|
14 74|26 65|8 34|24 57|5 85|29 55|57 97|66 76|32 18|18 38|59 80|85 77|41 42|0 27|43 47|70 74|
14 26|26 35|8 66|24 43|5 15|29 45|57 3|66 24|32 82|18 62|59 20|85 23|41 58|0 73|43 53|70 26|
26 86|35 74|66 92|43 76|15 95|45 71|3 43|24 34|82 68|62 82|20 41|23 15|58 59|73 100|53 57|26 30|
86 74|74 65|92 34|76 57|95 85|71 55|43 97|34 76|68 18|82 38|41 80|15 77|59 42|100 27|57 47|30 74|
90 14|87 19|49 78|94 93|52 88|43 30|37 67|28 11|41 55|75 44|2 68|37 24|64 67|27 66|40 53|49 73|
10 14|13 19|51 78|6 93|48 88|57 30|63 67|72 11|59 55|25 44|98 68|63 24|36 67|73 66|60 53|51 73|
90 86|87 81|49 22|94 7|52 12|43 70|37 33|28 89|41 45|75 56|2 32|37 76|64 33|27 34|40 47|49 27|
14 90|19 87|78 49|93 94|88 52|30 43|67 37|11 28|55 41|44 75|68 2|24 37|67 64|66 27|53 40|73 49|
14 10|19 13|78 51|93 6|88 48|30 57|67 63|11 72|55 59|44 25|68 98|24 63|67 36|66 73|53 60|73 51|
10 86|13 81|51 22|6 7|48 12|57 70|63 33|72 89|59 45|25 56|98 32|63 76|36 33|73 34|60 47|51 27|
86 90|81 87|22 49|7 94|12 52|70 43|33 37|89 28|45 41|56 75|32 2|76 37|33 64|34 27|47 40|27 49|
83 57|21 59|40 62|34 94|18 31|65 38|75 55|92 16|30 59|19 60|50 39|0 21|32 40|49 42|62 56|66 33|
17 57|79 59|60 62|66 94|82 31|35 38|25 55|8 16|70 59|81 60|50 39|100 21|68 40|51 42|38 56|34 33|
83 43|21 41|40 38|34 6|18 69|65 62|75 45|92 84|30 41|19 40|50 61|0 79|32 60|49 58|62 44|66 67|
57 83|59 21|62 40|94 34|31 18|38 65|55 75|16 92|59 30|60 19|39 50|21 0|40 32|42 49|56 62|33 66|
57 17|59 79|62 60|94 66|31 82|38 35|55 25|16 8|59 70|60 81|39 50|21 100|40 68|42 51|56 38|33 34|
17 43|79 41|60 38|66 6|82 69|35 62|25 45|8 84|70 41|81 40|50 61|100 79|68 60|51 58|38 44|34 67|
43 83|41 21|38 40|6 34|69 18|62 65|45 75|84 92|41 30|40 19|61 50|79 0|60 32|58 49|44 62|67 66|
93 66|80 30|61 16|3 41|97 17|87 23|41 47|63 8|83 42|85 23|49 50|61 1|49 85|0 41|74 42|79 30|
7 66|20 30|39 16|97 41|3 17|13 23|59 47|37 8|17 42|15 23|51 50|39 1|51 85|100 41|26 42|21 30|
93 34|80 70|61 84|3 59|97 83|87 77|41 53|63 92|83 58|85 77|49 50|61 99|49 15|0 59|74 58|79 70|
66 93|30 80|16 61|41 3|17 97|23 87|47 41|8 63|42 83|23 85|50 49|1 61|85 49|41 0|42 74|30 79|
66 7|30 20|16 39|41 97|17 3|23 13|47 59|8 37|42 17|23 15|50 51|1 39|85 51|41 100|42 26|30 21|
7 34|20 70|39 84|97 59|3 83|13 77|59 53|37 92|17 58|15 77|51 50|39 99|51 15|100 59|26 58|21 70|
34 93|70 80|84 61|59 3|83 97|77 87|53 41|92 63|58 83|77 85|50 49|99 61|15 49|59 0|58 74|70 79|
67 58|0 95|55 38|79 70|4 34|95 84|38 21|94 10|68 33|51 58|6 86|32 33|13 72|0 34|34 31|51 57|
33 58|100 95|45 38|21 70|96 34|5 84|62 21|6 10|32 33|49 58|94 86|68 33|87 72|100 34|66 31|49 57|
67 42|0 5|55 62|79 30|4 66|95 16|38 79|94 90|68 67|51 42|6 14|32 67|13 28|0 66|34 69|51 43|
58 67|95 0|38 55|70 79|34 4|84 95|21 38|10 94|33 68|58 51|86 6|33 32|72 13|34 0|31 34|57 51|
58 33|95 100|38 45|70 21|34 96|84 5|21 62|10 6|33 32|58 49|86 94|33 68|72 87|34 100|31 66|57 49|
33 42|100 5|45 62|21 30|96 66|5 16|62 79|6 90|32 67|49 42|94 14|68 67|87 28|100 66|66 69|49 43|
42 67|5 0|62 55|30 79|66 4|16 95|79 38|90 94|67 68|42 51|14 6|67 32|28 13|66 0|69 34|43 51|
35 12|0 85|14 70|70 69|34 39|59 46|0 27|16 46|90 94|34 22|25 67|72 43|33 40|6 34|27 32|62 57|
65 12|100 85|86 70|30 69|66 39|41 46|100 27|84 46|10 94|66 22|75 67|28 43|67 40|94 34|73 32|38 57|
35 88|0 15|14 30|70 31|34 61|59 54|0 73|16 54|90 6|34 78|25 33|72 57|33 60|6 66|27 68|62 43|
12 35|85 0|70 14|69 70|39 34|46 59|27 0|46 16|94 90|22 34|67 25|43 72|40 33|34 6|32 27|57 62|
12 65|85 100|70 86|69 30|39 66|46 41|27 100|46 84|94 10|22 66|67 75|43 28|40 67|34 94|32 73|57 38|
65 88|100 15|86 30|30 31|66 61|41 54|100 73|84 54|10 6|66 78|75 33|28 57|67 60|94 66|73 68|38 43|
88 35|15 0|30 14|31 70|61 34|54 59|73 0|54 16|6 90|78 34|33 25|57 72|60 33|66 6|68 27|43 62|
80 17|14 28|3 62|1 15|11 39|96 27|89 58|95 88|7 51|63 41|74 30|89 83|98 92|57 36|73 28|90 49|
20 17|86 28|97 62|99 15|89 39|4 27|11 58|5 88|93 51|37 41|26 30|11 83|2 92|43 36|27 28|10 49|
80 83|14 72|3 38|1 85|11 61|96 73|89 42|95 12|7 49|63 59|74 70|89 17|98 8|57 64|73 72|90 51|
17 80|28 14|62 3|15 1|39 11|27 96|58 89|88 95|51 7|41 63|30 74|83 89|92 98|36 57|28 73|49 90|
17 20|28 86|62 97|15 99|39 89|27 4|58 11|88 5|51 93|41 37|30 26|83 11|92 2|36 43|28 27|49 10|
20 83|86 72|97 38|99 85|89 61|4 73|11 42|5 12|93 49|37 59|26 70|11 17|2 8|43 64|27 72|10 51|
83 80|72 14|38 3|85 1|61 11|73 96|42 89|12 95|49 7|59 63|70 74|17 89|8 98|64 57|72 73|51 90|
53 48|71 81|3 50|13 52|9 96|20 86|85 11|52 71|18 70|79 28|98 93|60 53|85 65|53 46|67 72|79 22|
47 48|29 81|97 50|87 52|91 96|80 86|15 11|48 71|82 70|21 28|2 93|40 53|15 65|47 46|33 72|21 22|
53 52|71 19|3 50|13 48|9 4|20 14|85 89|52 29|18 30|79 72|98 7|60 47|85 35|53 54|67 28|79 78|
48 53|81 71|50 3|52 13|96 9|86 20|11 85|71 52|70 18|28 79|93 98|53 60|65 85|46 53|72 67|22 79|
48 47|81 29|50 97|52 87|96 91|86 80|11 15|71 48|70 82|28 21|93 2|53 40|65 15|46 47|72 33|22 21|
47 52|29 19|97 50|87 48|91 4|80 14|15 89|48 29|82 30|21 72|2 7|40 47|15 35|47 54|33 28|21 78|
52 53|19 71|50 3|48 13|4 9|14 20|89 85|29 52|30 18|72 79|7 98|47 60|35 85|54 53|28 67|78 79|
20 28|43 81|26 71|49 0|95 98|11 19|34 32|45 93|53 69|11 70|38 75|48 8|49 22|18 23|33 26|54 69|
80 28|57 81|74 71|51 0|5 98|89 19|66 32|55 93|47 69|89 70|62 75|52 8|51 22|82 23|67 26|46 69|
20 72|43 19|26 29|49 100|95 2|11 81|34 68|45 7|53 31|11 30|38 25|48 92|49 78|18 77|33 74|54 31|
28 20|81 43|71 26|0 49|98 95|19 11|32 34|93 45|69 53|70 11|75 38|8 48|22 49|23 18|26 33|69 54|
28 80|81 57|71 74|0 51|98 5|19 89|32 66|93 55|69 47|70 89|75 62|8 52|22 51|23 82|26 67|69 46|
80 72|57 19|74 29|51 100|5 2|89 81|66 68|55 7|47 31|89 30|62 25|52 92|51 78|82 77|67 74|46 31|
72 20|19 43|29 26|100 49|2 95|81 11|68 34|7 45|31 53|30 11|25 38|92 48|78 49|77 18|74 33|31 54|
54 74|5 92|32 38|72 5|56 24|56 70|16 46|88 52|54 89|66 57|1 49|48 70|25 81|20 84|43 74|67 57|
46 74|95 92|68 38|28 5|44 24|44 70|84 46|12 52|46 89|34 57|99 49|52 70|75 81|80 84|57 74|33 57|
54 26|5 8|32 62|72 95|56 76|56 30|16 54|88 48|54 11|66 43|1 51|48 30|25 19|20 16|43 26|67 43|
74 54|92 5|38 32|5 72|24 56|70 56|46 16|52 88|89 54|57 66|49 1|70 48|81 25|84 20|74 43|57 67|
74 46|92 95|38 68|5 28|24 44|70 44|46 84|52 12|89 46|57 34|49 99|70 52|81 75|84 80|74 57|57 33|
46 26|95 8|68 62|28 95|44 76|44 30|84 54|12 48|46 11|34 43|99 51|52 30|75 19|80 16|57 26|33 43|
26 54|8 5|62 32|95 72|76 56|30 56|54 16|48 88|11 54|43 66|51 1|30 48|19 25|16 20|26 43|43 67|
99 65|75 55|26 40|44 64|21 66|5 10|31 62|36 46|15 21|78 14|59 35|64 45|23 95|13 20|23 84|32 62|
1 65|25 55|74 40|56 64|79 66|95 10|69 62|64 46|85 21|22 14|41 35|36 45|77 95|87 20|77 84|68 62|
99 35|75 45|26 60|44 36|21 34|5 90|31 38|36 54|15 79|78 86|59 65|64 55|23 5|13 80|23 16|32 38|
65 99|55 75|40 26|64 44|66 21|10 5|62 31|46 36|21 15|14 78|35 59|45 64|95 23|20 13|84 23|62 32|
65 1|55 25|40 74|64 56|66 79|10 95|62 69|46 64|21 85|14 22|35 41|45 36|95 77|20 87|84 77|62 68|
1 35|25 45|74 60|56 36|79 34|95 90|69 38|64 54|85 79|22 86|41 65|36 55|77 5|87 80|77 16|68 38|
35 99|45 75|60 26|36 44|34 21|90 5|38 31|54 36|79 15|86 78|65 59|55 64|5 23|80 13|16 23|38 32|
26 9|30 89|46 56|0 6|45 60|65 6|65 38|98 98|51 39|32 76|72 69|20 26|32 75|19 26|21 24|66 61|
74 9|70 89|54 56|100 6|55 60|35 6|35 38|2 98|49 39|68 76|28 69|80 26|68 75|81 26|79 24|34 61|
26 91|30 11|46 44|0 94|45 40|65 94|65 62|98 2|51 61|32 24|72 31|20 74|32 25|19 74|21 76|66 39|
9 26|89 30|56 46|6 0|60 45|6 65|38 65|98 98|39 51|76 32|69 72|26 20|75 32|26 19|24 21|61 66|
9 74|89 70|56 54|6 100|60 55|6 35|38 35|98 2|39 49|76 68|69 28|26 80|75 68|26 81|24 79|61 34|
74 91|70 11|54 44|100 94|55 40|35 94|35 62|2 2|49 61|68 24|28 31|80 74|68 25|81 74|79 76|34 39|
91 26|11 30|44 46|94 0|40 45|94 65|62 65|2 98|61 51|24 32|31 72|74 20|25 32|74 19|76 21|39 66|
55 37|6 49|35 60|17 54|77 43|31 87|63 83|55 82|60 39|5 9|38 62|11 93|99 38|0 97|11 51|28 55|
45 37|94 49|65 60|83 54|23 43|69 87|37 83|45 82|40 39|95 9|62 62|89 93|1 38|100 97|89 51|72 55|
55 63|6 51|35 40|17 46|77 57|31 13|63 17|55 18|60 61|5 91|38 38|11 7|99 62|0 3|11 49|28 45|
37 55|49 6|60 35|54 17|43 77|87 31|83 63|82 55|39 60|9 5|62 38|93 11|38 99|97 0|51 11|55 28|
37 45|49 94|60 65|54 83|43 23|87 69|83 37|82 45|39 40|9 95|62 62|93 89|38 1|97 100|51 89|55 72|
45 63|94 51|65 40|83 46|23 57|69 13|37 17|45 18|40 61|95 91|62 38|89 7|1 62|100 3|89 49|72 45|
63 55|51 6|40 35|46 17|57 77|13 31|17 63|18 55|61 60|91 5|38 38|7 11|62 99|3 0|49 11|45 28|
48 75|0 99|67 16|26 74|50 98|91 18|37 9|98 17|23 46|7 22|47 79|15 33|37 0|6 91|14 32|17 40|
52 75|100 99|33 16|74 74|50 98|9 18|63 9|2 17|77 46|93 22|53 79|85 33|63 0|94 91|86 32|83 40|
48 25|0 1|67 84|26 26|50 2|91 82|37 91|98 83|23 54|7 78|47 21|15 67|37 100|6 9|14 68|17 60|
75 48|99 0|16 67|74 26|98 50|18 91|9 37|17 98|46 23|22 7|79 47|33 15|0 37|91 6|32 14|40 17|
75 52|99 100|16 33|74 74|98 50|18 9|9 63|17 2|46 77|22 93|79 53|33 85|0 63|91 94|32 86|40 83|
52 25|100 1|33 84|74 26|50 2|9 82|63 91|2 83|77 54|93 78|53 21|85 67|63 100|94 9|86 68|83 60|
25 48|1 0|84 67|26 26|2 50|82 91|91 37|83 98|54 23|78 7|21 47|67 15|100 37|9 6|68 14|60 17|
23 21|99 6|0 46|10 8|79 93|75 25|23 89|37 31|24 82|12 61|88 98|5 52|75 17|20 32|37 30|89 99|
77 21|1 6|100 46|90 8|21 93|25 25|77 89|63 31|76 82|88 61|12 98|95 52|25 17|80 32|63 30|11 99|
23 79|99 94|0 54|10 92|79 7|75 75|23 11|37 69|24 18|12 39|88 2|5 48|75 83|20 68|37 70|89 1|
21 23|6 99|46 0|8 10|93 79|25 75|89 23|31 37|82 24|61 12|98 88|52 5|17 75|32 20|30 37|99 89|
21 77|6 1|46 100|8 90|93 21|25 25|89 77|31 63|82 76|61 88|98 12|52 95|17 25|32 80|30 63|99 11|
77 79|1 94|100 54|90 92|21 7|25 75|77 11|63 69|76 18|88 39|12 2|95 48|25 83|80 68|63 70|11 1|
79 23|94 99|54 0|92 10|7 79|75 75|11 23|69 37|18 24|39 12|2 88|48 5|83 75|68 20|70 37|1 89|
93 88|60 29|61 38|91 71|24 16|19 79|97 99|38 25|74 4|10 94|91 78|96 64|37 46|1 0|21 78|31 47|
7 88|40 29|39 38|9 71|76 16|81 79|3 99|62 25|26 4|90 94|9 78|4 64|63 46|99 0|79 78|69 47|
93 12|60 71|61 62|91 29|24 84|19 21|97 1|38 75|74 96|10 6|91 22|96 36|37 54|1 100|21 22|31 53|
88 93|29 60|38 61|71 91|16 24|79 19|99 97|25 38|4 74|94 10|78 91|64 96|46 37|0 1|78 21|47 31|
88 7|29 40|38 39|71 9|16 76|79 81|99 3|25 62|4 26|94 90|78 9|64 4|46 63|0 99|78 79|47 69|
7 12|40 71|39 62|9 29|76 84|81 21|3 1|62 75|26 96|90 6|9 22|4 36|63 54|99 100|79 22|69 53|
12 93|71 60|62 61|29 91|84 24|21 19|1 97|75 38|96 74|6 10|22 91|36 96|54 37|100 1|22 21|53 31|
44 45|55 33|5 90|13 23|0 8|71 0|79 91|32 57|15 79|41 38|54 23|87 87|80 86|18 76|77 86|93 92|
56 45|45 33|95 90|87 23|100 8|29 0|21 91|68 57|85 79|59 38|46 23|13 87|20 86|82 76|23 86|7 92|
44 55|55 67|5 10|13 77|0 92|71 100|79 9|32 43|15 21|41 62|54 77|87 13|80 14|18 24|77 14|93 8|
45 44|33 55|90 5|23 13|8 0|0 71|91 79|57 32|79 15|38 41|23 54|87 87|86 80|76 18|86 77|92 93|
45 56|33 45|90 95|23 87|8 100|0 29|91 21|57 68|79 85|38 59|23 46|87 13|86 20|76 82|86 23|92 7|
56 55|45 67|95 10|87 77|100 92|29 100|21 9|68 43|85 21|59 62|46 77|13 13|20 14|82 24|23 14|7 8|
55 44|67 55|10 5|77 13|92 0|100 71|9 79|43 32|21 15|62 41|77 54|13 87|14 80|24 18|14 77|8 93|
87 29|83 48|94 20|30 14|73 67|87 84|49 27|11 0|41 45|50 48|58 35|94 60|16 49|25 10|47 25|82 43|
13 29|17 48|6 20|70 14|27 67|13 84|51 27|89 0|59 45|50 48|42 35|6 60|84 49|75 10|53 25|18 43|
87 71|83 52|94 80|30 86|73 33|87 16|49 73|11 100|41 55|50 52|58 65|94 40|16 51|25 90|47 75|82 57|
29 87|48 83|20 94|14 30|67 73|84 87|27 49|0 11|45 41|48 50|35 58|60 94|49 16|10 25|25 47|43 82|
29 13|48 17|20 6|14 70|67 27|84 13|27 51|0 89|45 59|48 50|35 42|60 6|49 84|10 75|25 53|43 18|
13 71|17 52|6 80|70 86|27 33|13 16|51 73|89 100|59 55|50 52|42 65|6 40|84 51|75 90|53 75|18 57|
71 87|52 83|80 94|86 30|33 73|16 87|73 49|100 11|55 41|52 50|65 58|40 94|51 16|90 25|75 47|57 82|
89 45|51 79|36 99|90 30|51 2|80 54|88 38|88 91|61 17|77 54|75 77|54 71|98 19|54 7|78 79|89 33|
11 45|49 79|64 99|10 30|49 2|20 54|12 38|12 91|39 17|23 54|25 77|46 71|2 19|46 7|22 79|11 33|
89 55|51 21|36 1|90 70|51 98|80 46|88 62|88 9|61 83|77 46|75 23|54 29|98 81|54 93|78 21|89 67|
45 89|79 51|99 36|30 90|2 51|54 80|38 88|91 88|17 61|54 77|77 75|71 54|19 98|7 54|79 78|33 89|
45 11|79 49|99 64|30 10|2 49|54 20|38 12|91 12|17 39|54 23|77 25|71 46|19 2|7 46|79 22|33 11|
11 55|49 21|64 1|10 70|49 98|20 46|12 62|12 9|39 83|23 46|25 23|46 29|2 81|46 93|22 21|11 67|
55 89|21 51|1 36|70 90|98 51|46 80|62 88|9 88|83 61|46 77|23 75|29 54|81 98|93 54|21 78|67 89|
68 98|84 8|27 53|32 32|77 82|35 38|75 81|67 92|7 64|7 5|61 23|77 13|48 40|0 69|43 43|68 85|
32 98|16 8|73 53|68 32|23 82|65 38|25 81|33 92|93 64|93 5|39 23|23 13|52 40|100 69|57 43|32 85|
68 2|84 92|27 47|32 68|77 18|35 62|75 19|67 8|7 36|7 95|61 77|77 87|48 60|0 31|43 57|68 15|
98 68|8 84|53 27|32 32|82 77|38 35|81 75|92 67|64 7|5 7|23 61|13 77|40 48|69 0|43 43|85 68|
98 32|8 16|53 73|32 68|82 23|38 65|81 25|92 33|64 93|5 93|23 39|13 23|40 52|69 100|43 57|85 32|
32 2|16 92|73 47|68 68|23 18|65 62|25 19|33 8|93 36|93 95|39 77|23 87|52 60|100 31|57 57|32 15|
2 68|92 84|47 27|68 32|18 77|62 35|19 75|8 67|36 7|95 7|77 61|87 77|60 48|31 0|57 43|15 68|
4 1|71 69|42 84|15 62|50 67|77 10|20 28|43 74|98 95|53 56|44 59|3 91|60 38|20 29|58 40|76 78|
96 1|29 69|58 84|85 62|50 67|23 10|80 28|57 74|2 95|47 56|56 59|97 91|40 38|80 29|42 40|24 78|
4 99|71 31|42 16|15 38|50 33|77 90|20 72|43 26|98 5|53 44|44 41|3 9|60 62|20 71|58 60|76 22|
1 4|69 71|84 42|62 15|67 50|10 77|28 20|74 43|95 98|56 53|59 44|91 3|38 60|29 20|40 58|78 76|
1 96|69 29|84 58|62 85|67 50|10 23|28 80|74 57|95 2|56 47|59 56|91 97|38 40|29 80|40 42|78 24|
96 99|29 31|58 16|85 38|50 33|23 90|80 72|57 26|2 5|47 44|56 41|97 9|40 62|80 71|42 60|24 22|
99 4|31 71|16 42|38 15|33 50|90 77|72 20|26 43|5 98|44 53|41 44|9 3|62 60|71 20|60 58|22 76|
87 77|9 34|56 36|67 22|97 33|64 13|20 42|68 67|44 99|81 43|36 56|93 95|51 84|57 38|60 0|78 48|
13 77|91 34|44 36|33 22|3 33|36 13|80 42|32 67|56 99|19 43|64 56|7 95|49 84|43 38|40 0|22 48|
87 23|9 66|56 64|67 78|97 67|64 87|20 58|68 33|44 1|81 57|36 44|93 5|51 16|57 62|60 100|78 52|
77 87|34 9|36 56|22 67|33 97|13 64|42 20|67 68|99 44|43 81|56 36|95 93|84 51|38 57|0 60|48 78|
77 13|34 91|36 44|22 33|33 3|13 36|42 80|67 32|99 56|43 19|56 64|95 7|84 49|38 43|0 40|48 22|
13 23|91 66|44 64|33 78|3 67|36 87|80 58|32 33|56 1|19 57|64 44|7 5|49 16|43 62|40 100|22 52|
23 87|66 9|64 56|78 67|67 97|87 64|58 20|33 68|1 44|57 81|44 36|5 93|16 51|62 57|100 60|52 78|
77 66|16 69|89 95|3 84|91 38|43 21|2 29|5 33|1 89|73 76|17 64|32 6|22 30|0 91|34 9|75 79|
23 66|84 69|11 95|97 84|9 38|57 21|98 29|95 33|99 89|27 76|83 64|68 6|78 30|100 91|66 9|25 79|
77 34|16 31|89 5|3 16|91 62|43 79|2 71|5 67|1 11|73 24|17 36|32 94|22 70|0 9|34 91|75 21|
66 77|69 16|95 89|84 3|38 91|21 43|29 2|33 5|89 1|76 73|64 17|6 32|30 22|91 0|9 34|79 75|
66 23|69 84|95 11|84 97|38 9|21 57|29 98|33 95|89 99|76 27|64 83|6 68|30 78|91 100|9 66|79 25|
23 34|84 31|11 5|97 16|9 62|57 79|98 71|95 67|99 11|27 24|83 36|68 94|78 70|100 9|66 91|25 21|
34 77|31 16|5 89|16 3|62 91|79 43|71 2|67 5|11 1|24 73|36 17|94 32|70 22|9 0|91 34|21 75|
45 51|57 19|43 26|38 41|33 54|32 70|2 87|57 46|46 53|70 3|80 76|31 73|66 60|0 89|30 75|51 26|
55 51|43 19|57 26|62 41|67 54|68 70|98 87|43 46|54 53|30 3|20 76|69 73|34 60|100 89|70 75|49 26|
45 49|57 81|43 74|38 59|33 46|32 30|2 13|57 54|46 47|70 97|80 24|31 27|66 40|0 11|30 25|51 74|
51 45|19 57|26 43|41 38|54 33|70 32|87 2|46 57|53 46|3 70|76 80|73 31|60 66|89 0|75 30|26 51|
51 55|19 43|26 57|41 62|54 67|70 68|87 98|46 43|53 54|3 30|76 20|73 69|60 34|89 100|75 70|26 49|
55 49|43 81|57 74|62 59|67 46|68 30|98 13|43 54|54 47|30 97|20 24|69 27|34 40|100 11|70 25|49 74|
49 45|81 57|74 43|59 38|46 33|30 32|13 2|54 57|47 46|97 70|24 80|27 31|40 66|11 0|25 30|74 51|
44 13|46 15|38 15|98 4|26 3|69 34|77 24|53 64|71 96|52 63|28 59|18 90|43 27|15 98|24 0|40 8|
56 13|54 15|62 15|2 4|74 3|31 34|23 24|47 64|29 96|48 63|72 59|82 90|57 27|85 98|76 0|60 8|
44 87|46 85|38 85|98 96|26 97|69 66|77 76|53 36|71 4|52 37|28 41|18 10|43 73|15 2|24 100|40 92|
13 44|15 46|15 38|4 98|3 26|34 69|24 77|64 53|96 71|63 52|59 28|90 18|27 43|98 15|0 24|8 40|
13 56|15 54|15 62|4 2|3 74|34 31|24 23|64 47|96 29|63 48|59 72|90 82|27 57|98 85|0 76|8 60|
56 87|54 85|62 85|2 96|74 97|31 66|23 76|47 36|29 4|48 37|72 41|82 10|57 73|85 2|76 100|60 92|
87 44|85 46|85 38|96 98|97 26|66 69|76 77|36 53|4 71|37 52|41 28|10 18|73 43|2 15|100 24|92 40|
20 56|98 16|30 47|23 81|76 80|16 58|83 53|13 89|6 19|10 92|84 88|30 66|10 55|0 5|25 68|74 76|
80 56|2 16|70 47|77 81|24 80|84 58|17 53|87 89|94 19|90 92|16 88|70 66|90 55|100 5|75 68|26 76|
20 44|98 84|30 53|23 19|76 20|16 42|83 47|13 11|6 81|10 8|84 12|30 34|10 45|0 95|25 32|74 24|
56 20|16 98|47 30|81 23|80 76|58 16|53 83|89 13|19 6|92 10|88 84|66 30|55 10|5 0|68 25|76 74|
56 80|16 2|47 70|81 77|80 24|58 84|53 17|89 87|19 94|92 90|88 16|66 70|55 90|5 100|68 75|76 26|
80 44|2 84|70 53|77 19|24 20|84 42|17 47|87 11|94 81|90 8|16 12|70 34|90 45|100 95|75 32|26 24|
44 20|84 98|53 30|19 23|20 76|42 16|47 83|11 13|81 6|8 10|12 84|34 30|45 10|95 0|32 25|24 74|
33 58|14 80|62 72|29 78|32 79|11 46|73 79|88 2|37 89|7 40|21 76|68 51|33 64|8 41|34 65|61 69|
67 58|86 80|38 72|71 78|68 79|89 46|27 79|12 2|63 89|93 40|79 76|32 51|67 64|92 41|66 65|39 69|
33 42|14 20|62 28|29 22|32 21|11 54|73 21|88 98|37 11|7 60|21 24|68 49|33 36|8 59|34 35|61 31|
58 33|80 14|72 62|78 29|79 32|46 11|79 73|2 88|89 37|40 7|76 21|51 68|64 33|41 8|65 34|69 61|
58 67|80 86|72 38|78 71|79 68|46 89|79 27|2 12|89 63|40 93|76 79|51 32|64 67|41 92|65 66|69 39|
67 42|86 20|38 28|71 22|68 21|89 54|27 21|12 98|63 11|93 60|79 24|32 49|67 36|92 59|66 35|39 31|
42 33|20 14|28 62|22 29|21 32|54 11|21 73|98 88|11 37|60 7|24 21|49 68|36 33|59 8|35 34|31 61|
60 12|57 65|62 37|80 12|54 89|83 2|50 29|89 65|2 22|35 30|52 98|74 64|75 35|47 31|53 93|54 72|
40 12|43 65|38 37|20 12|46 89|17 2|50 29|11 65|98 22|65 30|48 98|26 64|25 35|53 31|47 93|46 72|
60 88|57 35|62 63|80 88|54 11|83 98|50 71|89 35|2 78|35 70|52 2|74 36|75 65|47 69|53 7|54 28|
12 60|65 57|37 62|12 80|89 54|2 83|29 50|65 89|22 2|30 35|98 52|64 74|35 75|31 47|93 53|72 54|
12 40|65 43|37 38|12 20|89 46|2 17|29 50|65 11|22 98|30 65|98 48|64 26|35 25|31 53|93 47|72 46|
40 88|43 35|38 63|20 88|46 11|17 98|50 71|11 35|98 78|65 70|48 2|26 36|25 65|53 69|47 7|46 28|
88 60|35 57|63 62|88 80|11 54|98 83|71 50|35 89|78 2|70 35|2 52|36 74|65 75|69 47|7 53|28 54|
81 61|75 7|72 94|70 86|49 24|8 26|96 47|56 5|98 3|44 3|2 24|71 73|32 22|13 28|27 0|34 23|
19 61|25 7|28 94|30 86|51 24|92 26|4 47|44 5|2 3|56 3|98 24|29 73|68 22|87 28|73 0|66 23|
81 39|75 93|72 6|70 14|49 76|8 74|96 53|56 95|98 97|44 97|2 76|71 27|32 78|13 72|27 100|34 77|
61 81|7 75|94 72|86 70|24 49|26 8|47 96|5 56|3 98|3 44|24 2|73 71|22 32|28 13|0 27|23 34|
61 19|7 25|94 28|86 30|24 51|26 92|47 4|5 44|3 2|3 56|24 98|73 29|22 68|28 87|0 73|23 66|
19 39|25 93|28 6|30 14|51 76|92 74|4 53|44 95|2 97|56 97|98 76|29 27|68 78|87 72|73 100|66 77|
39 81|93 75|6 72|14 70|76 49|74 8|53 96|95 56|97 98|97 44|76 2|27 71|78 32|72 13|100 27|77 34|
28 10|57 95|22 35|14 30|36 21|96 98|61 54|44 29|93 41|58 41|52 85|57 35|74 70|20 0|21 34|45 31|
72 10|43 95|78 35|86 30|64 21|4 98|39 54|56 29|7 41|42 41|48 85|43 35|26 70|80 0|79 34|55 31|
28 90|57 5|22 65|14 70|36 79|96 2|61 46|44 71|93 59|58 59|52 15|57 65|74 30|20 100|21 66|45 69|
10 28|95 57|35 22|30 14|21 36|98 96|54 61|29 44|41 93|41 58|85 52|35 57|70 74|0 20|34 21|31 45|
10 72|95 43|35 78|30 86|21 64|98 4|54 39|29 56|41 7|41 42|85 48|35 43|70 26|0 80|34 79|31 55|
72 90|43 5|78 65|86 70|64 79|4 2|39 46|56 71|7 59|42 59|48 15|43 65|26 30|80 100|79 66|55 69|
90 28|5 57|65 22|70 14|79 36|2 96|46 61|71 44|59 93|59 58|15 52|65 57|30 74|100 20|66 21|69 45|
41 7|63 48|57 33|42 8|78 74|76 52|72 50|45 5|28 23|47 30|32 23|3 16|41 29|35 0|48 1|68 49|
59 7|37 48|43 33|58 8|22 74|24 52|28 50|55 5|72 23|53 30|68 23|97 16|59 29|65 0|52 1|32 49|
41 93|63 52|57 67|42 92|78 26|76 48|72 50|45 95|28 77|47 70|32 77|3 84|41 71|35 100|48 99|68 51|
7 41|48 63|33 57|8 42|74 78|52 76|50 72|5 45|23 28|30 47|23 32|16 3|29 41|0 35|1 48|49 68|
7 59|48 37|33 43|8 58|74 22|52 24|50 28|5 55|23 72|30 53|23 68|16 97|29 59|0 65|1 52|49 32|
59 93|37 52|43 67|58 92|22 26|24 48|28 50|55 95|72 77|53 70|68 77|97 84|59 71|65 100|52 99|32 51|
93 41|52 63|67 57|92 42|26 78|48 76|50 72|95 45|77 28|70 47|77 32|84 3|71 41|100 35|99 48|51 68|
84 2|26 71|33 23|75 72|86 91|30 29|30 64|1 40|83 87|23 76|65 26|51 62|39 8|5 43|46 51|52 28|
16 2|74 71|67 23|25 72|14 91|70 29|70 64|99 40|17 87|77 76|35 26|49 62|61 8|95 43|54 51|48 28|
84 98|26 29|33 77|75 28|86 9|30 71|30 36|1 60|83 13|23 24|65 74|51 38|39 92|5 57|46 49|52 72|
2 84|71 26|23 33|72 75|91 86|29 30|64 30|40 1|87 83|76 23|26 65|62 51|8 39|43 5|51 46|28 52|
2 16|71 74|23 67|72 25|91 14|29 70|64 70|40 99|87 17|76 77|26 35|62 49|8 61|43 95|51 54|28 48|
16 98|74 29|67 77|25 28|14 9|70 71|70 36|99 60|17 13|77 24|35 74|49 38|61 92|95 57|54 49|48 72|
98 84|29 26|77 33|28 75|9 86|71 30|36 30|60 1|13 83|24 23|74 65|38 51|92 39|57 5|49 46|72 52|
35 19|54 40|76 27|31 25|89 76|66 34|5 31|72 67|78 66|63 39|35 21|0 99|11 30|1 97|4 90|54 38|
65 19|46 40|24 27|69 25|11 76|34 34|95 31|28 67|22 66|37 39|65 21|100 99|89 30|99 97|96 90|46 38|
35 81|54 60|76 73|31 75|89 24|66 66|5 69|72 33|78 34|63 61|35 79|0 1|11 70|1 3|4 10|54 62|
19 35|40 54|27 76|25 31|76 89|34 66|31 5|67 72|66 78|39 63|21 35|99 0|30 11|97 1|90 4|38 54|
19 65|40 46|27 24|25 69|76 11|34 34|31 95|67 28|66 22|39 37|21 65|99 100|30 89|97 99|90 96|38 46|
65 81|46 60|24 73|69 75|11 24|34 66|95 69|28 33|22 34|37 61|65 79|100 1|89 70|99 3|96 10|46 62|
81 35|60 54|73 76|75 31|24 89|66 66|69 5|33 72|34 78|61 63|79 35|1 0|70 11|3 1|10 4|62 54|
31 82|63 81|32 73|40 48|30 0|6 75|30 71|47 91|35 29|56 83|40 54|46 86|75 82|0 81|36 38|41 63|
69 82|37 81|68 73|60 48|70 0|94 75|70 71|53 91|65 29|44 83|60 54|54 86|25 82|100 81|64 38|59 63|
31 18|63 19|32 27|40 52|30 100|6 25|30 29|47 9|35 71|56 17|40 46|46 14|75 18|0 19|36 62|41 37|
82 31|81 63|73 32|48 40|0 30|75 6|71 30|91 47|29 35|83 56|54 40|86 46|82 75|81 0|38 36|63 41|
82 69|81 37|73 68|48 60|0 70|75 94|71 70|91 53|29 65|83 44|54 60|86 54|82 25|81 100|38 64|63 59|
69 18|37 19|68 27|60 52|70 100|94 25|70 29|53 9|65 71|44 17|60 46|54 14|25 18|100 19|64 62|59 37|
18 31|19 63|27 32|52 40|100 30|25 6|29 30|9 47|71 35|17 56|46 40|14 46|18 75|19 0|62 36|37 41|
53 21|67 84|43 64|4 28|29 12|28 47|24 45|29 11|31 74|57 74|63 23|95 22|34 68|14 36|26 45|55 69|
47 21|33 84|57 64|96 28|71 12|72 47|76 45|71 11|69 74|43 74|37 23|5 22|66 68|86 36|74 45|45 69|
53 79|67 16|43 36|4 72|29 88|28 53|24 55|29 89|31 26|57 26|63 77|95 78|34 32|14 64|26 55|55 31|
21 53|84 67|64 43|28 4|12 29|47 28|45 24|11 29|74 31|74 57|23 63|22 95|68 34|36 14|45 26|69 55|
21 47|84 33|64 57|28 96|12 71|47 72|45 76|11 71|74 69|74 43|23 37|22 5|68 66|36 86|45 74|69 45|
47 79|33 16|57 36|96 72|71 88|72 53|76 55|71 89|69 26|43 26|37 77|5 78|66 32|86 64|74 55|45 31|
79 53|16 67|36 43|72 4|88 29|53 28|55 24|89 29|26 31|26 57|77 63|78 95|32 34|64 14|55 26|31 55|
20 51|97 87|60 62|58 18|12 90|38 26|70 74|32 28|8 27|23 69|22 75|78 9|47 56|9 36|39 51|83 80|
80 51|3 87|40 62|42 18|88 90|62 26|30 74|68 28|92 27|77 69|78 75|22 9|53 56|91 36|61 51|17 80|
20 49|97 13|60 38|58 82|12 10|38 74|70 26|32 72|8 73|23 31|22 25|78 91|47 44|9 64|39 49|83 20|
51 20|87 97|62 60|18 58|90 12|26 38|74 70|28 32|27 8|69 23|75 22|9 78|56 47|36 9|51 39|80 83|
51 80|87 3|62 40|18 42|90 88|26 62|74 30|28 68|27 92|69 77|75 78|9 22|56 53|36 91|51 61|80 17|
80 49|3 13|40 38|42 82|88 10|62 74|30 26|68 72|92 73|77 31|78 25|22 91|53 44|91 64|61 49|17 20|
49 20|13 97|38 60|82 58|10 12|74 38|26 70|72 32|73 8|31 23|25 22|91 78|44 47|64 9|49 39|20 83|
2 90|58 45|34 93|24 44|29 57|49 30|49 28|96 27|11 27|13 84|74 37|4 0|31 80|5 3|7 87|50 32|
98 90|42 45|66 93|76 44|71 57|51 30|51 28|4 27|89 27|87 84|26 37|96 0|69 80|95 3|93 87|50 32|
2 10|58 55|34 7|24 56|29 43|49 70|49 72|96 73|11 73|13 16|74 63|4 100|31 20|5 97|7 13|50 68|
90 2|45 58|93 34|44 24|57 29|30 49|28 49|27 96|27 11|84 13|37 74|0 4|80 31|3 5|87 7|32 50|
90 98|45 42|93 66|44 76|57 71|30 51|28 51|27 4|27 89|84 87|37 26|0 96|80 69|3 95|87 93|32 50|
98 10|42 55|66 7|76 56|71 43|51 70|51 72|4 73|89 73|87 16|26 63|96 100|69 20|95 97|93 13|50 68|
10 2|55 58|7 34|56 24|43 29|70 49|72 49|73 96|73 11|16 13|63 74|100 4|20 31|97 5|13 7|68 50|
17 90|94 23|94 75|18 19|44 63|31 28|52 30|4 7|18 12|34 66|20 18|80 24|61 66|0 4|13 16|31 27|
83 90|6 23|6 75|82 19|56 63|69 28|48 30|96 7|82 12|66 66|80 18|20 24|39 66|100 4|87 16|69 27|
17 10|94 77|94 25|18 81|44 37|31 72|52 70|4 93|18 88|34 34|20 82|80 76|61 34|0 96|13 84|31 73|
90 17|23 94|75 94|19 18|63 44|28 31|30 52|7 4|12 18|66 34|18 20|24 80|66 61|4 0|16 13|27 31|
90 83|23 6|75 6|19 82|63 56|28 69|30 48|7 96|12 82|66 66|18 80|24 20|66 39|4 100|16 87|27 69|
83 10|6 77|6 25|82 81|56 37|69 72|48 70|96 93|82 88|66 34|80 82|20 76|39 34|100 96|87 84|69 73|
10 17|77 94|25 94|81 18|37 44|72 31|70 52|93 4|88 18|34 34|82 20|76 80|34 61|96 0|84 13|73 31|
51 45|35 64|29 74|97 74|45 60|35 38|50 27|15 96|94 45|65 6|89 62|87 54|97 43|36 38|38 37|46 54|
49 45|65 64|71 74|3 74|55 60|65 38|50 27|85 96|6 45|35 6|11 62|13 54|3 43|64 38|62 37|54 54|
51 55|35 36|29 26|97 26|45 40|35 62|50 73|15 4|94 55|65 94|89 38|87 46|97 57|36 62|38 63|46 46|
45 51|64 35|74 29|74 97|60 45|38 35|27 50|96 15|45 94|6 65|62 89|54 87|43 97|38 36|37 38|54 46|
45 49|64 65|74 71|74 3|60 55|38 65|27 50|96 85|45 6|6 35|62 11|54 13|43 3|38 64|37 62|54 54|
49 55|65 36|71 26|3 26|55 40|65 62|50 73|85 4|6 55|35 94|11 38|13 46|3 57|64 62|62 63|54 46|
55 51|36 35|26 29|26 97|40 45|62 35|73 50|4 15|55 94|94 65|38 89|46 87|57 97|62 36|63 38|46 46|
25 66|78 2|33 47|53 45|31 29|9 98|15 79|73 81|26 20|57 79|56 39|38 85|28 25|10 95|24 66|29 42|
75 66|22 2|67 47|47 45|69 29|91 98|85 79|27 81|74 20|43 79|44 39|62 85|72 25|90 95|76 66|71 42|
25 34|78 98|33 53|53 55|31 71|9 2|15 21|73 19|26 80|57 21|56 61|38 15|28 75|10 5|24 34|29 58|
66 25|2 78|47 33|45 53|29 31|98 9|79 15|81 73|20 26|79 57|39 56|85 38|25 28|95 10|66 24|42 29|
66 75|2 22|47 67|45 47|29 69|98 91|79 85|81 27|20 74|79 43|39 44|85 62|25 72|95 90|66 76|42 71|
75 34|22 98|67 53|47 55|69 71|91 2|85 21|27 19|74 80|43 21|44 61|62 15|72 75|90 5|76 34|71 58|
34 25|98 78|53 33|55 53|71 31|2 9|21 15|19 73|80 26|21 57|61 56|15 38|75 28|5 10|34 24|58 29|
